-6897
-8208
-9534
-7743
-9528
792
-6561
7551
8246
7319
3182
-4209
5867
7866
1475
-6017
421
2711
-1663
5900
8699
7271
3350
-3294
-8559
2177
-8153
9431
-2765
-3545
5238
497
3323
2700
6746
-7077
-4501
9160
7321
748
-9679
3670
-60
7993
-8634
-2142
-3796
1008
-8405
-5064
6207
-8037
1371
5852
4640
-2866
5333
633
-9500
5430
9983
1420
3808
-5129
-9639
8689
-1451
-750
2707
-5332
8045
7117
-9151
1210
-1257
-9754
8284
6172
-66
2505
-2517
-7455
-3760
-8540
4557
6017
1577
-9617
1895
9347
-8570
4799
-8278
14
-2863
2788
429
-7627
5920
-5378
-1413
-58
-3493
1967
-5676
-965
-839
4456
9308
8519
9753
-8616
-9203
4662
9118
6689
-5150
-218
6751
-1817
-6198
-9824
-7608
-7709
-2062
-2571
5042
-2892
1789
7818
2509
-6389
6460
-4277
6175
-2548
-7312
6303
3864
-6502
-1706
7976
-4951
7765
-9010
5786
7382
-5377
2559
-7336
6798
8344
8175
-2790
-4053
6877
-7474
179
3001
-8614
3315
3411
8377
-6762
-7313
-3659
4675
-4018
-9459
-6207
495
-3294
-174
-7362
8845
1472
-6009
-7002
6274
-2568
-3213
8480
2246
-9206
-188
5106
9499
6338
-9591
3955
-1701
-4383
6102
5865
3509
5596
-6916
7950
-4260
-4853
9410
4906
-7444
3966
-1429
8535
3103
-4636
9126
-1274
6824
3805
-3770
6259
-9432
3231
5939
2093
1904
-5909
-1731
-2084
-4944
-1211
-6718
-3562
2414
-8520
5190
-6090
32
8753
-1189
9652
2451
2545
-4823
-7984
9273
9251
-4281
4018
7752
6370
3735
-3953
-5078
-7824
-7584
294
1600
-3908
-1211
7533
654
8600
4039
217
4587
-1516
2798
-8225
-4577
6231
4364
1643
-5573
-660
1189
5616
315
7987
7174
584
-5784
9453
7814
3170
-3691
-8135
-4685
9730
6058
8311
8634
-8108
-6561
9753
3527
-2454
5940
-4155
-8524
-6522
-69
8005
8916
-2332
-9442
3282
-4776
2115
8134
-6330
-3448
4855
2399
-3194
7464
9769
7228
6651
4558
-9848
9232
-3587
-6190
-2049
2714
5595
-203
9827
6898
-7529
-9659
408
885
-3433
7317
-3756
1390
4041
-1517
-3133
-6249
-8810
-4207
-4362
-804
-3468
-1740
4679
-4230
8774
-556
1576
7569
7909
502
3199
3582
8334
-8835
-6107
572
9120
-9455
7068
7092
-5060
-5993
127
-9187
1326
6552
9489
-3064
3963
-3874
4472
3841
-3341
1680
8795
5428
-3064
9264
-5532
-5118
6784
145
6000
-7848
2006
-5274
-2759
-3606
4562
1192
-411
-6317
6379
8380
-4243
-2735
-8464
2556
2100
-9812
7047
9125
2379
1353
-7565
1148
3713
-5149
7122
5381
-6678
-6685
2672
-7014
6374
-4884
-7522
-438
30
-2513
-5715
-8735
-169
7785
-589
-5199
8665
918
-8301
-7326
8276
3167
6449
-9483
1394
8217
2270
9678
3866
4459
-3753
-119
8672
4166
3495
-3699
5103
1982
-2049
-7951
-7951
3539
9914
-3311
-2935
-2581
-5804
-4729
-3687
-6109
-2899
-3183
3157
-6033
7607
-2428
5450
-2222
-810
7364
1384
4854
-3944
-1362
5868
-4556
8699
8799
4124
1085
7301
7010
9844
-5082
-3900
68
2790
9936
-7682
9127
8876
-4437
6002
2264
1196
3697
937
-9303
-4331
-1225
-4775
5394
-7796
2930
7036
3963
3308
7281
3659
5535
-4278
1912
8382
-9211
-7734
5251
8938
6336
1407
-725
-2960
-2366
-3841
3046
32
-5191
1961
-9268
3510
2598
-2211
-2107
7248
-5760
-9016
6930
-4871
-9741
-173
-1543
5367
6265
1809
9410
-6748
4925
6312
-7781
-7944
-3465
6912
6730
-4203
-2267
-1322
-7946
3937
19
-1417
-4082
2053
7935
-801
2567
5916
2036
-4628
8574
-2493
-3157
-2561
-3295
-7481
-2822
-4382
-5136
-1320
-7777
4648
-7779
8629
8800
-9252
6103
-8852
1225
129
-1695
8482
4547
1964
-7449
-991
5166
3095
-8639
-8412
-7338
-7555
3549
-5604
5479
-4672
-9146
7332
1602
5052
2325
-3484
-9090
-4334
7025
-7877
-948
-2250
-355
-3249
5497
9082
2647
-9371
-5121
-4084
-6010
-7860
1587
8824
4600
-572
9956
-9062
400
-1913
-8384
-7448
-5335
-4446
2994
-2876
-2703
4325
-8350
-2824
-4758
6573
-3500
9880
6838
8167
-3203
-4098
-1158
6890
6607
2406
-4434
173
970
-534
-7006
-5148
2037
-4818
3004
4416
9224
2433
-4007
4185
1733
6936
-7013
10000
-3485
-9567
-3385
8649
704
1851
8176
503
-8570
-2855
7626
9557
-2226
3214
-8760
4737
5553
9990
1634
7809
-3611
1569
5098
-3626
-3552
-4739
-9486
3637
-5922
3275
6031
-2388
-6357
5339
443
6305
-449
-2887
-4405
-7877
2857
-9828
4424
3204
2695
-4778
3980
-8175
8702
6884
5924
9827
9944
-3980
-9825
9426
4306
868
-2217
4443
5118
-9756
-7003
-385
5447
8408
-8911
1928
-9322
-2837
870
6531
-5485
955
2895
8344
9335
-3414
8328
5034
8652
4230
-4225
-7594
149
5704
6715
7987
-6086
3475
6355
-4605
-5838
1408
-9543
-5273
686
-9852
6583
-6961
-9118
-97
2470
5113
-3617
-8469
-9189
-9789
5537
496
-4451
-2682
-4213
5102
-5510
-3462
7917
8983
-9654
-107
4661
-5621
-9070
2206
3722
-8928
293
-4661
-6982
536
9081
-239
-1655
329
4759
-7593
2757
-9180
1831
-4607
3714
488
-33
-2675
-8959
5969
5861
-8615
-8699
-7478
8011
-5641
-6501
-7452
6878
2278
-9377
-4304
-1721
-5269
-9086
6133
-8202
6065
-8265
2644
7748
-1641
9414
1593
1348
-2206
6033
-1938
3265
-4203
6314
-7516
-3248
7330
-8373
-1841
1006
994
-8830
-8611
-2803
9587
-5378
7044
-109
3990
-2112
-4823
-9834
-371
5084
-3552
-6603
-2003
-9174
8448
5795
4802
9969
-4751
5782
-3850
-2368
-6959
9160
-2439
3546
3737
826
-3934
4361
5398
2212
-9006
-9263
-6144
318
4279
8560
3941
-3088
9250
9973
3012
818
-6693
8662
-2672
-2731
-8735
3641
-3852
-2689
-104
-5381
4268
4250
9214
1706
-912
2958
3280
-8814
-1318
8113
8337
-8388
3557
-9043
-5611
1288
9828
4255
7284
-1122
4007
-1291
8291
-7201
-4056
7870
2126
1833
-1874
6387
3286
7514
-9862
5408
4036
-4879
-4100
1643
5617
7206
-8150
1163
-1559
-3934
-6136
-1043
-1775
-8830
-2702
3148
5721
3785
210
-3838
-640
-3348
991
-285
-9945
-7192
-4494
6446
-7455
-8302
3783
6925
-990
-447
9925
3586
4200
1362
3910
-2398
3710
4489
4903
1464
-1641
-5756
8935
9521
-1051
2868
-510
-1425
-2693
-6513
-2606
-9942
1292
-7356
1035
7124
-3650
8071
-2216
-2062
9659
6627
2709
236
-4835
-3498
5526
3068
-1875
420
4218
7907
-6393
9478
-731
3288
8677
1009
-2918
-7622
8596
2371
2122
-4709
-5987
-3453
3713
-8686
464
-8490
-5802
397
2917
-7808
7050
8703
8135
-3767
3823
9442
-7227
5126
-1828
-3716
-737
3119
-8829
5557
2510
6795
-9967
-38
8506
-9017
-9795
-2084
-6678
6684
-9407
-6393
-4008
-5368
9786
2286
8371
-6266
7788
-9834
-9302
-7619
5712
8361
-752
5327
-7956
4423
1335
1601
-6581
427
-8027
3382
6502
-1296
9171
-5805
-7605
-9364
-5045
-7165
-3058
9501
-4968
-2785
9026
-9162
-353
6608
-4373
-475
-6613
-1784
-9641
-8717
-9756
8018
135
9021
8277
-5197
4143
-817
-4324
-3037
-1131
1121
8159
-7716
2853
2967
6650
3966
2857
-2956
8906
3600
2162
-3287
3619
4145
6139
-8558
-9043
-3498
6008
-7678
-1660
-9892
-6677
77
5851
-2235
9956
6055
6774
-6799
-2380
6977
-2132
-9206
-8850
3739
9310
6502
474
2372
-9250
-1199
-4810
3218
-1003
-3267
-4202
-4097
1558
3314
-3469
-4432
-5997
5714
8910
-7178
-9784
-2729
-5135
-4307
9411
-5248
-8069
7377
-6804
-6028
-3379
6854
-8913
-4252
-9344
-913
-335
-682
-6892
-9480
-6194
3740
7666
-2548
-1600
-4476
-7656
-6492
-6878
-7966
-9012
-2772
-1376
9916
-2927
-5087
-9839
-695
-6496
-7566
-7049
1171
3007
4647
3055
-4541
-7864
-7217
-5196
-3599
3489
5654
5019
-5326
2366
6086
8662
9833
9910
-5909
-6540
3875
4685
-8028
7769
1882
-9956
-6141
7931
4459
-7740
-7465
7305
-4972
6335
4286
-6302
4404
-778
-4821
-8577
2694
-1557
5469
-9887
8504
-1795
-3029
6847
-260
8317
-6414
2625
-3622
-6821
2628
-7907
-4480
-7542
-675
5665
-4343
7085
5667
9500
-209
-9425
-365
6428
7871
-7903
-3786
-5465
-3074
2176
4500
-7641
7019
6133
-6375
5427
-7792
4386
-5261
-4880
-436
-3810
8993
1025
7110
-5662
6198
3807
7648
-8341
-8196
663
344
7848
3568
-1567
-4667
2628
1452
-6763
-7473
-3439
2295
5212
3126
7378
8079
-8439
1535
4806
-4694
2098
-9281
-2727
2163
8184
5433
-4242
6696
3776
3766
-9853
1361
-7562
-3950
-223
4332
6126
-2325
-2369
-110
-1445
2188
-9931
3085
4140
-5641
8525
-4884
-1719
5702
-5171
-8410
9968
-4796
3395
467
-689
7867
4079
7359
-5462
-9357
-1525
-5122
5081
-5960
8037
4511
-7327
-7090
-5307
-3393
-5064
-2373
2274
1682
7799
1662
1120
3282
-1813
-5438
4540
-5329
-8145
2066
-4685
135
5666
2186
-7687
-2046
3387
8579
8251
-2312
-3345
4530
907
7618
8927
2933
6515
-7734
719
-4887
-8100
-5206
880
6300
1109
3783
1545
8277
2394
7543
-2575
-9953
583
4140
8276
-671
-5310
8436
613
-9380
9867
-7458
8
-672
-2610
8638
-6682
8644
7397
7747
-7811
63
-1447
-4151
-4548
-7638
7093
9467
9956
4017
-4609
2523
8849
-2065
-7609
-7304
5653
-9072
-1679
-5827
4650
-42
-195
-9912
2526
-2130
-8774
9207
-422
-6023
-4376
2487
-1418
-1689
5221
-4988
4312
-3745
72
8007
-7258
-5053
-1472
-5687
-4730
9209
8539
-5694
-6444
-7464
-117
6083
2429
-3062
618
3529
8660
1196
-8705
7420
-6270
-9292
-7471
1526
-942
-2226
-3866
591
-6684
-1586
3859
9091
-2483
-6314
-9707
-9069
-204
6485
-9339
510
7992
4846
5948
9447
-3911
-4684
122
-6055
-7011
-9001
9854
-6640
3449
-6322
3689
8214
-6772
-2330
7637
143
-3536
-9338
-1624
-9141
-910
-4647
-9213
-9409
-5699
-958
-5613
3123
-1256
1231
-9998
9587
-99
-5771
4206
2631
2119
-68
9960
6044
2297
-3382
9024
6062
-593
-3491
5910
5131
-8259
-419
-1318
-1686
258
8322
-7434
-6048
-5832
-6531
-5081
3119
1037
-8863
8072
1705
2716
2431
-5548
2027
7101
-9673
3345
4438
-3261
-9909
-8353
-6027
6112
-6254
8260
-1863
6403
-7466
7190
1098
8896
3137
2470
-2439
3993
-9515
-9340
-5575
-4713
-4253
-5438
-9415
8466
4096
-7242
-8923
2113
-2814
8314
-4082
-7309
-6730
-4434
3068
-4779
-2463
-4713
-8427
3144
7875
-4117
342
-1709
4010
136
-8816
-6604
5837
306
-4671
-5222
3888
-8727
-8750
-6668
-6333
9648
-9084
-7583
7637
-1898
-1271
-515
7807
4583
7639
8242
5713
4934
-4883
8085
8287
5927
6835
5258
5220
-9887
2271
-4380
-4564
-685
-943
-9271
4731
5995
3748
6121
-7829
258
9447
3938
-8366
2096
8205
6061
-4106
9093
1057
1497
-3068
-8708
-5549
-8002
1212
-1460
8632
6737
-6560
1189
7153
-6813
1015
2920
-1964
-8684
4172
2712
-9777
-142
-7352
6436
-1741
1146
-1898
-7766
3909
-5502
-8122
-7289
-6981
3687
7240
-4877
-6204
-5217
3698
4842
7189
-2394
-680
9408
-7977
-785
2112
-5235
-7021
3605
-5786
5299
-1651
-2433
-208
-6647
-107
8671
2220
-2086
-7450
7678
4289
-5638
1410
-4202
-5336
8437
7374
1017
-8044
4107
7680
-6758
7765
-6827
-7529
-5163
2484
-5368
-770
2675
4557
-1062
-9799
-6152
-7648
2054
-8444
5105
4646
-3317
-5144
-6116
5469
2062
8860
37
5737
-5163
6662
-3144
1228
-1166
-252
-9081
-2598
-1640
6767
2042
-7272
4041
1999
776
-3520
-1936
3628
-769
-1504
-9383
8158
-1226
5834
7581
-8511
4497
9652
-6989
824
9097
4237
-3223
-8584
-8066
1753
-7601
530
-8853
-9623
-3263
-3990
-1380
4574
-6128
4469
-8434
6548
-7216
3438
-5104
-7345
2300
-463
-3259
4186
8421
9930
-6132
-7727
9210
-6679
617
-8986
-8582
-6635
1485
-5834
207
1563
2929
7009
7163
4788
-2485
2450
-5370
7098
9219
-5317
8215
6471
-4479
9474
9803
-1364
9543
-4605
-9402
-8902
8021
8552
5472
-2064
-1732
9206
9033
-5742
4545
960
-5467
-6298
-1395
-5749
3835
-3749
3704
2031
9263
-2993
3721
-9061
-2145
1774
-9051
3568
5681
360
-1891
5172
4102
9763
907
5192
-8987
-9606
-9679
-1339
-4694
-1550
9792
7729
2949
-4823
9773
-6691
877
621
3560
-3450
3519
-9677
-9684
952
3633
-3799
49
-5837
-1920
-3713
5255
-7247
8779
-3418
7572
-2926
-1508
4963
6331
-1937
5123
9378
2542
7040
2110
1918
-2336
3318
-6770
-1754
-743
-8246
-5210
-8751
-1801
-9678
7035
2086
8392
8954
-5233
2125
-1023
-959
-5927
2536
-514
1456
-5734
-8222
3753
8376
-8877
-8946
-9318
-6223
-3466
2849
-766
8358
-7858
-6437
3478
-6073
3134
326
6654
-7179
-4368
-6607
-266
-5463
7721
-6874
3867
8211
3588
1071
-9324
7050
762
198
5940
5202
7469
4607
6896
6501
6482
-4449
5182
7683
7395
5453
2137
-5909
-8127
-6020
-2862
-5544
-3765
-2695
6189
-5313
215
-8358
2792
156
1676
-3725
-446
-9560
-1813
8976
-1790
-7605
-3688
-4170
-8414
243
-3560
5396
2204
3400
1620
3029
-9483
-2887
-2006
-2958
4248
4317
-5515
4521
8916
5248
-2853
1667
2747
8501
-9194
6718
297
5756
-2927
2214
3336
-1685
-2917
-2389
8453
-9557
3438
-1552
2278
6173
-4958
-5276
-3272
3822
-2772
4888
6590
4699
5183
-8996
-2575
-8306
-7718
-1721
-3519
4221
591
-1316
-7111
-2873
-4469
-7425
-7405
2047
-7740
7767
-4880
7650
9638
6833
3832
3781
-3038
-3368
3600
529
-4292
4865
-4635
2345
6358
-8746
-7210
-9303
-6759
-3920
-9779
-251
759
7837
1727
-1865
7238
2565
2700
-1030
-9445
275
2804
3395
-2654
-2343
3750
-5470
7168
8566
-6786
4509
-3171
-6009
-3020
-3952
-5061
6999
8502
1019
-5578
-503
-7138
-684
8412
5824
-8970
-4350
29
-5393
-3655
5328
-1983
9568
6850
-6946
3848
-8353
6270
4661
-2058
3726
-5808
-3332
-8277
7586
-4775
-5542
8989
-7272
-4213
-8523
-5791
9463
-5270
3966
1010
9293
-4038
-2772
-615
-2639
-4370
-1045
4782
3409
530
738
5482
-8180
-7069
1481
-1815
-9577
7137
3690
2728
-9868
-307
3243
-7382
-9464
2923
5479
3018
8034
4746
-3865
-6241
7799
-9855
-9036
-8468
6042
-4325
1966
-2729
6713
-5632
5982
-898
4069
8579
-2055
9312
-1131
9402
4686
6673
-1129
399
-2166
-1968
1976
4141
-9349
-817
-5846
-8061
-6726
78
-6666
-4102
-3223
-2771
-2781
4438
3172
2686
3337
1228
5303
-8916
33
2166
7718
-836
-6690
1520
-3335
3023
-5509
8893
7004
6111
-9801
-4539
-582
1148
4428
8171
-1135
2278
-1938
4280
2342
4168
-415
5770
6592
2978
4237
-8119
8577
6049
-8967
8044
3699
-235
-7430
4922
5285
-4601
1877
-4538
-737
-8647
4043
18
2265
-6129
-4502
-301
7354
-6744
-5144
-8348
-6167
-8532
-6084
880
-7976
6201
-4633
-830
-9778
-6533
3026
-3206
-8790
-3380
-8599
-6630
-9360
-3420
-35
-2676
-5416
948
7039
4650
-8112
6666
-372
6029
-7305
-2787
-446
1403
7080
2129
6359
-5924
-5310
-8741
4399
-9203
-2499
588
6734
-5319
-6710
-594
-1733
3867
5922
8164
-9344
5020
-3868
6011
8924
6825
7565
1868
-6259
1105
8777
1145
-5666
5827
-6541
-52
5522
1595
4200
5083
-2108
5210
-5657
8360
-8125
-3607
4792
8383
1234
171
404
4531
8604
-7464
-6741
-6494
-2547
6226
-6509
-1034
-8580
-1484
2388
916
-1283
-4867
-3359
4341
5912
9783
-6790
5029
-735
-4800
-9388
-7252
-6476
-5361
7190
-2892
-7722
5114
-375
-8277
5301
8731
5803
3941
-7897
-3460
2583
4983
1887
2621
3855
-9883
9721
-3902
-2955
7664
7054
-9396
-7981
108
-6131
8695
-425
5885
3496
-1237
3437
-6204
-3315
-3991
-7955
4377
-2788
-5323
8504
9428
9865
1379
-2651
-220
6322
4499
-8452
-8215
1053
5772
3546
7232
5094
2494
-3547
2325
5864
-6462
-5207
6714
2203
3579
4609
-8034
3756
6815
6045
7781
6237
-6023
-3604
506
7564
4865
9030
1168
-7089
1058
9935
-8159
1244
-6200
-4978
7898
-5962
-6208
1951
4699
-8100
6608
-9
6322
-4498
-8744
-6668
-4580
9943
7961
-5634
9002
-3383
-4072
-6764
794
1589
-2251
2176
-2320
-2640
8239
-23
-7904
-5544
5142
-1856
3550
-7773
-4817
-8308
9206
3901
3181
4437
4259
-8618
-1081
-1117
-6193
3180
844
3694
-2170
7797
-858
8079
1644
-6790
-1087
-4726
-3769
-7008
8563
5489
-8313
-2356
-4619
9376
-8791
-3422
6257
-6618
-4711
-1370
-8245
-4494
-3417
-1690
-8827
5154
-1668
-9934
6409
8940
-6953
4045
8074
-2079
1392
3230
-1895
1173
4883
8485
6640
7722
5493
4852
-7669
-3559
1768
-2380
8235
8869
-3889
-9710
-2520
9047
8223
2697
3878
4416
1845
-5330
812
-5021
2011
6567
-8927
-1086
8717
-9734
4149
-4177
7151
-8593
-9031
-8123
-2459
-4999
4671
-4979
9066
-4859
-542
-2585
-9101
-3443
-1932
5165
878
-1578
4564
5023
-8157
2754
1229
4790
5097
8662
-2404
-5556
-234
-9195
8963
7200
3597
-7526
-8748
-5425
-3240
6634
-6889
2883
-8326
97
2611
7492
-7575
7188
8328
-5952
-769
6160
9049
1199
950
2575
7209
-773
-8165
-9333
8660
-7947
2109
4364
5344
-6158
-2665
1236
1404
9573
4408
-5248
-9122
1687
1127
-4596
-2438
-80
-3521
6233
-8391
826
-7677
6180
-7796
-9846
-2731
-6957
77
-91
-1600
584
-702
-7467
8006
7324
3805
-7378
-5650
6820
-8216
-8457
-7577
-1691
-6976
-3601
-531
-1071
-7195
-3500
91
9603
-677
4681
7788
-1788
9363
2667
5334
-6639
-8294
509
3312
2667
-7772
-1483
-318
1809
-5624
-7065
-3632
-5071
-7011
7393
-7912
3860
382
2353
252
-4688
5340
-6858
4825
-7411
998
-3999
3420
-2984
3581
-5970
-8405
1480
-1941
-792
319
5967
4660
-8207
-7715
-9653
-3058
1758
3937
8785
-7504
5886
-3523
-2348
6997
6508
-7380
-4614
-7760
1008
5216
-9491
9907
-8930
4264
-7830
5611
-7101
114
4201
9570
-9219
-6587
-8980
-4861
4128
-3993
-3231
2978
-1799
-1699
8465
9585
-2121
7379
8619
-1766
1750
-9095
-8390
5355
-3399
8218
-6817
2330
6449
6513
-7208
5346
4938
8492
5937
-3717
-3011
9703
-3055
-6777
3319
-9838
8652
-8945
-8146
-548
-1655
-5667
7441
2366
7233
8927
-1524
1661
9347
-3769
2306
453
-8638
287
3683
-1586
-6196
-6124
8074
8303
-3377
-6287
-5047
-2859
-3410
-7209
5201
-6763
1303
4576
7629
6484
-7816
3922
-6430
-1220
-3695
1490
1037
750
-6261
-8443
2317
6082
-7356
5099
3727
4559
7376
86
-6665
-3029
-2773
9956
-8053
-2499
4430
-5651
8133
178
-628
-3795
-1403
-7428
-5752
9589
2539
792
-908
-4813
-471
9283
-5896
-1600
-6013
8166
-5865
5164
-6626
-9623
-196
8832
-3102
8299
9672
8807
-7972
1195
1684
9213
-1391
-5956
2886
6627
-5636
-6157
4689
1423
940
-6824
-8325
6893
-2716
-1589
7191
9535
6427
9444
-5728
-9709
6945
8645
1275
-8772
-6963
5869
-4140
9424
-1343
-7676
-126
7053
3361
-2309
7127
246
4665
9562
-304
2387
2104
-4215
6569
2740
3648
-2991
3055
-2642
-7347
6488
-683
-3071
7460
1986
455
-8290
-3256
4114
-1884
-6782
-4651
-7529
4490
9431
1162
4712
752
9162
-7655
3279
8884
269
-8057
5545
940
-5685
-4438
-3421
-4607
-8851
-105
-348
-8402
2335
3789
5152
5752
-718
-4803
3998
9742
-1381
3542
193
7543
9049
-2334
-9531
6838
7070
-7907
-8258
-125
9578
2642
1212
-9426
830
4598
4596
-4043
2818
-6814
-6171
-3794
-7593
2199
8270
-3144
3534
4248
-3599
-6313
-8988
1164
3185
1182
-4156
1426
5553
9433
8109
-4491
-9397
-6344
5919
3613
-6595
9664
7273
7110
842
-8988
-9406
6366
4571
-1272
6054
3648
262
1552
8285
-5562
-6855
-1136
-2748
4135
-5018
-8352
-4677
-9328
-9233
-1476
4839
-2591
6203
-7456
1686
4929
7016
-657
-5741
-9711
-4334
2433
8958
-1001
1505
9093
-4124
-2926
-5040
-8478
-8357
254
5650
-8077
77
-9812
560
9200
6051
5385
2618
8478
7073
-6308
2195
-7071
1476
-3028
-3620
-6041
807
3616
1352
-6037
2246
-4864
-8360
-5838
-5374
9908
-9815
2246
7101
7187
-371
155
1161
9511
3986
-9475
8966
2698
8788
-5643
-7202
-4856
9631
3106
7591
672
-334
152
732
322
-3507
-8605
-2305
776
9013
9159
1022
-3815
7380
-2965
610
7209
-9237
7888
-2651
4048
2681
8483
8248
-14
-1250
-5368
8722
-7259
-8411
-7638
4584
1840
-2778
7674
-7468
-5133
-7160
-4014
2161
4132
-4508
-9426
-2422
1717
-9104
-3953
-7093
4025
2175
9215
-4873
8167
-1430
-5334
-6137
8297
-7659
-6392
4657
8066
-1946
1788
-8933
-38
5159
-2968
9140
-1108
-7711
404
-8552
-653
2395
-4097
-8064
7941
688
-2527
-1784
-186
-1683
1683
-7152
-4253
286
5603
-7376
-1502
-8890
-4402
-8386
4057
-3823
9969
659
-7350
-4532
-9902
-7700
-8186
-4563
-8763
-2995
9477
-1558
8752
-2134
818
-9434
9542
9540
-1750
-5369
-2720
4996
9687
7753
-5401
2449
-8769
3431
5536
1393
6603
-7518
3870
2082
5678
-3
6146
8412
-9852
1409
-109
-9945
4828
-8519
-572
3866
3466
2421
3037
8101
5605
-3639
-8328
3367
8817
-4287
6124
-2470
2491
5599
-8502
-6107
9514
-1348
-5533
8733
2908
-675
2010
-6579
7176
5545
4803
-6914
-879
-9352
4232
-5660
1619
-5484
-7175
-5069
5480
-2358
-8079
-3209
-9582
4027
-193
-3023
-5336
780
1972
7976
-3057
-5595
3399
1324
-6099
9846
-8230
352
-676
-2898
-4006
905
-4437
-8616
8863
2249
-1001
8683
4633
3486
-6900
6900
8539
-9218
9419
8336
-170
-7722
7416
1987
828
-382
831
-3924
-2114
9240
9537
1875
-8755
5823
3863
8813
2000
494
2375
-5974
1675
-4029
1133
465
8547
-7196
-5548
-997
-2249
5583
165
-8829
-7549
4447
-5123
3183
6197
-2038
60
6712
-6135
222
-8484
-1876
-2160
-351
2311
6523
-5591
1365
-5630
7880
9165
9938
-2172
-6405
-8639
2496
140
-2694
1035
3795
8005
2735
8627
-9085
2738
3062
6164
-2707
-9224
-2618
5264
5953
2108
4514
-9817
-749
-5376
-4458
-8917
-2356
-8856
1217
-759
4770
4948
9286
-9840
-6014
8945
-9365
-3680
8426
-1432
-5951
-3923
546
-9169
-3009
193
1119
-818
9440
-8631
8615
-366
5796
6380
1647
8446
8882
6341
9545
-9349
-8438
9327
589
-9546
8155
3804
-3788
6390
9017
-244
-1800
3191
6242
1655
883
7550
-3571
-4672
-959
-758
8990
-8238
9046
9463
3064
1423
-7055
-7812
-4858
-6307
-5016
2151
-8252
-9623
-9310
-3872
-4124
-8835
8199
7742
3844
6438
-8465
7861
4728
-6350
7511
-3637
1604
9922
5107
-4260
-8346
-5596
-3017
-4395
8409
-1969
7039
8190
-5085
-5610
-1891
-4010
-3373
3126
3317
6120
-150
4947
-2672
-3446
-9394
626
-6800
-2936
-3063
8864
6662
-3345
-5278
7169
-6662
-653
-6278
-6228
5465
-6921
5527
7298
3781
3598
4611
6373
8957
5445
4842
2451
9103
4749
-3853
-5661
-4344
5446
-8345
6256
-7567
-2799
-8681
8166
1137
9845
2180
-7883
-2383
3353
1354
-4589
-1097
-7556
-9453
-2367
677
-4352
-811
-4451
-9533
6207
2905
-8204
-4517
-4093
1505
8189
-3201
-3107
-4941
-8553
-2635
-7557
-7185
8805
-4441
1767
3127
5941
5866
-6197
-1566
-3020
-2390
5728
2436
3179
6858
3160
-729
-6435
-9654
-7459
-4977
-2564
-5671
-1251
2090
6768
-2745
-4737
-3956
9435
1598
1783
5836
3119
5270
2012
-4002
-2814
-1395
2040
-5072
-2773
1504
-539
-7137
6756
4092
4205
3616
-7327
139
3213
880
-8197
-7361
5110
-3691
-7356
-3465
-4894
-408
-5707
-4436
7872
-1448
6878
8960
-2613
8391
7907
-5322
3991
4964
684
-4596
-9260
-719
6008
72
-9110
520
1592
3686
-2128
7295
4884
9729
568
-9997
-5644
1385
-9521
-2728
1435
-479
-3441
7573
-6459
3148
8806
9047
-2666
5191
4757
7608
-4760
1641
-6109
-4784
-4702
7479
3438
-6556
-7807
-191
5611
1261
-8440
-9259
-4736
1501
631
6126
6908
-4118
-116
-8972
1646
-466
-714
1690
8118
-5743
-8296
8631
5377
2043
4949
8735
9287
-1610
6610
2932
-7388
-1079
-1068
-3259
-606
-5157
-9451
5752
-3269
2129
1426
8145
-1643
3569
5471
-2045
-671
-4606
-563
803
-7317
1013
8318
-3709
-3654
417
2340
2239
-808
3628
4031
2009
8077
-7726
7995
-4131
-7622
6100
4785
-7968
7755
1916
8773
-7129
-400
-2696
-8955
-3724
-1056
-2999
2427
-4215
1510
4386
-1849
-5379
-292
4075
-3132
6887
6580
1425
8824
2404
-6010
6767
4627
6165
259
597
-6403
8094
7551
8695
8831
264
3249
-6279
-8187
-2923
1508
-4399
5249
-5888
-7280
-2948
-4
-8946
8564
180
6198
-2512
1175
-4431
1152
-1654
-3626
-3000
7695
3898
1657
-6144
-7051
1795
4299
-1215
3329
3696
4873
2057
-8336
8100
1158
-9497
-6476
6888
-9264
-8541
-4136
8927
9776
5469
954
-3951
8447
-3872
-9321
8910
5607
-9144
-5823
9718
5836
-6281
8645
2892
8676
3094
-5028
9584
-6498
1106
-1111
6376
9580
3346
-5042
-6568
-3896
-8199
-8703
-1983
3450
5979
-6702
-584
3061
5523
3767
-6399
5893
-7786
329
63
6747
6742
-205
-3953
-9919
-2302
-2182
-8475
-578
5165
9094
7428
4690
-7027
7099
-4871
-4169
-3284
-474
-7847
8849
-8249
4752
-4810
-5124
-7200
-1469
-9187
3854
-7029
-9984
5213
-9875
-8487
2339
1181
-7695
-7275
-1751
-2135
-5624
-2775
-3588
1788
-5985
7499
9862
1722
7674
8463
1848
2965
4025
-6360
5856
-7123
-1300
5349
5856
9819
-6012
-5618
5422
256
-115
-3036
-9049
8740
8689
-2570
-5459
-1663
4703
-9592
1203
1110
-7256
2828
5504
5479
7142
6306
-1018
-1825
-7649
6303
2465
-7545
-1540
9767
-5767
1719
2088
8152
-8563
-8437
-1974
1961
-4467
8784
-6002
-8355
5932
-4672
-4767
6377
6042
5178
-4215
1961
-8896
323
7319
-6945
5120
-2561
-5712
-9458
-8702
818
2442
9016
-8814
6851
1278
3977
9483
330
4757
-8561
-844
-9112
-4473
3059
7951
-5777
-5195
9722
3491
3506
-4673
-9952
-3223
-3055
9071
4634
3101
-8683
1186
-3674
3644
-5077
7331
-4273
-8500
-7130
1829
-3498
-9546
6843
-439
-5428
2793
-5856
8592
8355
2908
6468
-3669
-1971
973
-409
374
3542
-764
5899
5689
81
-927
2529
579
6628
3823
-5508
-633
5672
-796
7666
7588
-4490
9363
2893
4552
-3127
5954
726
-4890
1602
-4118
2627
7742
-2244
-4323
-9201
7421
3197
-6590
7276
-6869
8204
-8604
5869
8303
-4023
-3258
1306
2268
9199
6778
8468
6204
-4900
8279
-9103
-1380
-6413
-5390
6288
6269
8969
-4449
-6594
-4168
-9834
6073
9076
-5724
-5792
-9320
-7972
-9643
-302
3393
5999
-8666
9557
7672
4741
-66
-3081
9111
-7449
-2173
-9040
-3383
5693
-7456
-6961
-2192
8618
-5990
3060
4506
9322
9167
-2354
-5613
-1049
-869
3068
-3721
8211
828
-8378
-3423
7667
8447
-8818
7683
537
8810
5628
2958
-1226
-3114
538
3393
6719
-2681
-6372
3606
-5664
-6184
-5553
-2387
5216
-4761
8776
9549
-7087
4267
-7733
2903
5947
608
-1216
3842
7197
-2607
-6854
2769
1588
6262
-9494
1402
-8773
-2164
-6961
4262
9964
9668
1993
8062
3842
3533
-9
3944
2591
-8860
-7184
-9468
-2981
4714
8362
-8084
-4618
3043
2751
8699
3585
7197
-9990
4156
-6230
1913
-1951
2316
-189
-3958
-5400
-4735
2016
-6488
2413
-4820
-4020
-2963
-5961
-7252
6855
3003
-6747
-8565
-8684
9456
-9292
6400
-9902
7462
-2591
-14
1843
4649
7961
8879
-2530
-2467
-7698
5320
360
6850
2071
-9242
-6620
9895
6654
543
9661
-7778
3261
3858
5539
4438
7470
-8125
7935
-2659
2307
-1326
9495
8463
5154
2781
516
-7848
7416
-1986
3015
-5954
235
-8260
8621
-9946
-380
9323
-7683
6998
8471
-7587
-5172
-5992
-1708
1313
319
-6834
-9680
9474
4376
9701
-3511
-2917
8202
-3816
-7977
-9227
-3910
-8824
4354
2366
8394
-79
-7781
-4754
7855
3546
4475
-893
-3355
7201
-5704
2417
6194
2130
4379
3836
7048
6649
8651
-8503
-5808
-1205
-8326
6135
-2500
-4439
-2806
-178
7812
3786
-3199
5242
1504
-9841
-9505
4922
-3591
-4918
4134
-7331
-4131
-9752
3042
486
4905
-2984
7085
-7275
-3215
-2606
-4479
1586
-9613
9547
3261
8178
-6
-7938
-7747
-3504
-2436
4462
-6932
-688
-8732
5416
-1179
5442
-4782
-6380
6918
6928
-2592
6860
6801
-2041
6114
-1686
6840
-4469
-7820
5369
178
-8244
-3886
5365
-2911
7077
-756
-8032
-7880
-7746
7598
-1764
-4435
8903
3395
-2743
9682
6189
4249
-5728
7089
-9158
-1274
9949
674
5542
-1310
8721
-5852
-6485
8052
6929
4670
4154
4000
6032
1954
4368
5051
-1177
-6227
1966
-6085
-407
7213
-4504
6979
2282
-3374
3342
-9754
4708
9842
-7720
3339
-6954
-1864
-4616
4746
9115
7901
-3487
-4536
7775
1941
4779
-7983
1199
-8462
-5520
-2692
-6744
-7281
-2289
6600
-7715
2890
798
-6710
8691
4230
4022
-2340
-5956
-8867
2341
9644
-1989
-2162
4335
-4257
-9048
-719
4457
8126
1016
-3286
2140
-7157
3136
-9390
-427
-6343
-2631
-2165
8540
-7266
-2119
533
8637
-899
-7323
-5845
913
7386
-5353
5330
1070
-2652
-9830
-9033
3518
1559
-9679
-2483
9380
1748
66
-6986
1001
6522
6902
-7665
4802
8670
-3301
-7841
7014
-3487
-3362
5816
-9719
-7891
3348
8134
-747
1168
-3610
5960
9095
4658
7261
8551
7431
-1482
5219
-8581
-8933
1846
-1470
3401
-3992
-6541
3552
-8382
-814
3088
-5100
2118
-505
-5847
7942
8070
-497
476
4232
9854
2176
5218
-4906
-5406
-3133
-4666
-8261
9507
9884
-7260
-43
662
-6338
-6292
-7838
-5152
-5126
4360
9920
6046
-4591
-7373
4275
-7150
-8030
1088
1968
1570
1515
6008
3126
2415
-117
-4887
6345
9975
-7146
7269
-5432
2517
-2632
-4442
8401
-9510
-1180
-9990
745
6025
4659
-9728
-5437
7573
-6580
-3408
-4779
339
1300
4057
-347
-1486
5644
521
-5403
-1068
-1647
-6551
-8513
-3976
-460
2234
-8220
3261
4396
-8524
-3651
2652
8391
-2867
-9855
-4723
-8941
-7350
8142
346
9842
6776
3174
-2216
-7029
-718
-6211
-3436
-438
-8008
-4875
-325
9046
8860
-1445
-7302
-8971
6332
7241
9576
-4839
4549
9676
-2376
6025
1239
6001
-5476
-4818
5598
4480
-2500
-5627
-4973
-3230
-6140
-5344
-9011
-8011
6349
-5713
5572
-2002
-7914
-4916
7285
-9230
-7057
-7540
4675
4783
782
-8562
-9451
5270
-8743
3938
9346
-4123
-6872
1979
-3449
235
3077
2169
9818
-6640
-4613
707
-4904
421
8061
-78
-498
6847
-7953
-2641
3053
1275
-7427
3083
-4343
-9866
9143
-8674
4585
-1717
-2912
9070
1907
3658
5887
-9242
6440
7367
-7752
-453
-3103
-2682
4139
-128
-3368
-3256
1469
-8513
8173
6361
-2237
-1480
4607
-6977
1439
-6635
-5668
3351
-7107
5531
4625
-635
-2803
-8365
2076
-5343
-2465
-5927
-5284
-1106
7839
1748
-8528
9435
7127
3342
-6252
5096
-1116
-5342
-7512
9116
-8444
2069
8795
-7487
-1266
9051
-323
2040
6746
-9595
-6629
4333
9365
9212
-5558
8713
-6871
-2023
3131
-3289
-9671
-9929
-6857
9947
1273
-2976
3656
641
5276
5638
8956
4121
9809
3873
-9493
-1154
9353
6489
3525
-9103
4765
-7954
3347
-8615
-403
-1589
2583
-1827
8131
-6008
-7729
-1418
-9194
8894
3969
-5017
6837
-5101
149
-1664
-3656
-7150
4090
1278
-7658
6578
-4038
8540
3473
3592
1744
2863
-2071
9091
-8520
396
-4422
-264
5213
-8647
196
-6036
-3464
3874
5729
-7244
-6681
5464
9121
8404
-9476
-3686
-1799
1543
5654
-8272
3029
4015
-533
5943
9525
-7801
149
-4771
-1619
2402
-9968
-495
-5247
-6125
-6700
-9424
-8075
7089
-4629
-7808
-3004
9979
9019
-4000
1328
-5877
-9640
3517
7388
9075
-3029
577
-3706
-3131
624
8614
-9441
-7350
9993
1926
-9150
-6059
-9718
-4495
3834
9350
-7158
7699
-4244
-4449
-4351
-9350
6171
-1793
-7647
-135
6748
6815
-2430
7455
1495
2314
4513
3707
-8764
5667
8073
-1662
-894
9012
6870
2297
9731
310
-7451
-5063
7219
7177
-135
-2227
3522
-166
-4961
-6219
6678
-9398
34
-1961
-8672
-100
-1331
8851
-2051
6881
8958
-7109
3705
-2439
-9062
892
-7234
-3407
-6217
-6310
5621
8891
4629
-1836
-3609
5620
953
9203
-8198
205
2146
-8315
9663
-7797
9148
-7450
-3410
-7964
-4803
-2837
-5514
-3514
1015
5215
6993
812
-5296
-8116
-8056
3723
-5790
5371
8740
-2510
6255
-2343
6507
-6379
7623
-7956
-1523
3419
1034
1004
-1035
3404
-5269
3570
-9930
3721
-3043
1683
-8201
-395
-8433
-529
-635
8059
-6215
6974
-4151
-1697
-6812
1786
-8283
-7508
3431
-6835
6753
1462
767
-5715
-5824
8258
5571
-2428
8300
-4313
-9097
7676
-4098
2581
-2253
2944
5345
4357
-3311
-3303
221
2117
2158
-9487
1516
3958
9307
9398
8639
9213
1165
-6688
-6671
3467
1852
3262
-8514
-3627
-7006
-4449
-7067
-8742
4960
6059
-9606
-2877
-2104
-7456
4800
-3165
-2610
-6017
6843
-9216
1039
5719
-6504
-9151
908
-9908
9078
-1337
1540
-9072
2577
-4036
7603
1283
2214
-3792
-752
9191
-1233
2451
9019
1977
7809
-1668
-5411
7493
5134
-4743
-9273
2163
7393
9918
5397
7523
2439
5213
-7830
9706
9070
5021
-2190
-518
-2293
5577
-3119
-5394
-5333
3722
-2533
-4007
8795
7614
-8734
-6758
1675
-5745
676
-3899
1121
-4068
8207
1631
2724
5228
-3294
1380
435
3286
-4529
5186
-7278
5367
3295
7542
3622
-5347
-8173
9358
-4411
-6969
-8420
-4803
-4543
1120
8598
-4559
6818
-4688
9006
6586
-6934
-6854
101
620
6855
9333
8407
4282
9754
1718
8051
5964
2381
-6604
-6669
-3418
-1013
-6768
-621
6289
5595
-2968
6803
6285
1695
-2838
5834
8264
4123
-4396
-3768
-7591
-743
-2260
-5474
3473
9202
3157
1963
8236
5659
2775
8843
8573
-8649
-4358
-1122
-7274
9
852
8877
-763
-6659
2820
-9227
309
-1347
8835
2385
5234
5851
-3030
-8066
6574
6681
9228
8052
4513
8976
-5852
-7051
-6140
-6437
-6539
3575
-732
-7497
-2956
9327
-1968
-7075
-3917
58
-8225
-3003
-3813
2115
-9040
-1198
-8152
-4792
5832
-2957
854
-5834
-651
-9666
-8462
4278
2413
8438
7063
2761
-8268
-4674
-1785
6233
-3018
-179
1188
-2060
-1230
5370
7468
9617
-7294
3018
235
-7585
-1085
-2223
41
8171
-1981
-2284
-428
-9247
7688
-3438
-4404
2885
7416
-1594
2250
-5754
2031
6423
5895
3032
7532
-9060
-4731
4725
-8144
-7115
88
2726
3195
-2177
-8228
-8785
3234
-7349
3017
-8882
-2761
1353
3455
7345
7173
-2165
-8706
-7336
-3786
807
-6819
-8955
-7767
135
-8331
6284
4940
5775
-1671
-5890
5841
8613
-3244
8110
302
-4680
9237
301
8940
6672
1130
-1902
3999
1376
-6034
6466
-6672
2099
9659
2023
-5244
1373
-2612
4463
-2567
6792
7964
-8195
7773
-6666
-8254
-1976
-6444
-9849
-6765
5035
-2870
-4078
5443
-5220
-9702
7695
9752
1992
-9134
965
3182
-8793
4973
-789
-226
7685
149
-4653
-3372
-9417
-3061
-779
-7983
4581
-8293
6377
1591
6903
-5162
-9617
3674
-3567
464
-9415
2070
4867
6435
-7762
-5504
4482
9327
6470
3049
8422
-2383
-7679
-7559
-4229
7653
3295
822
9602
2314
4537
-981
8266
9711
2720
-5639
-734
8962
-2305
9697
2180
-1283
-7114
4926
1472
-9700
9703
3433
1051
5601
-400
-7922
8619
3010
3442
-1228
-9866
5490
-4575
-3203
4065
502
6796
-8165
3892
-5369
5702
-392
-5270
-9886
8675
-6624
-9540
-5666
6165
2098
-7497
-1919
-9222
-5689
-6307
5229
-7772
-5018
-7398
-4635
5959
-4890
-6490
-8843
-9432
-2570
-3305
2726
-991
-7242
-4261
-5294
8784
5352
3917
3869
7533
-3813
4067
-2219
6397
-1587
-6881
7965
-9455
-8245
7712
-7431
-6699
5705
6396
588
-8067
595
1944
-2774
-6543
-2443
8766
-227
-2713
-9287
6495
-6539
6096
-7303
5999
-2883
3612
-3131
-8996
6785
4780
-6293
3118
1088
2604
6761
647
3212
-8364
-6000
-7370
1983
4447
7243
-1559
-1294
-2715
-2197
2584
1739
-7531
-7267
7661
1469
9831
-9418
-2796
6550
-2878
-2485
-5375
-8949
9771
-1989
3042
-5727
-8721
5458
8463
-8288
-8541
1124
1268
7363
1544
2353
-9377
-3502
-2238
-4787
8347
-4316
-1514
1041
4615
-7872
-376
4545
3108
-6704
9591
-4067
9793
-8633
5376
-3916
6126
9423
3522
-3824
-179
-8428
7550
-2288
-2312
8957
-2920
-5723
1383
-4578
-972
-5833
-1067
9168
-506
576
1866
-3937
-3821
-2889
-6352
-9509
-8750
2584
-7518
-1682
-6509
-1747
3985
-398
8430
8058
-9541
663
-7072
7121
-9354
-5993
2577
-8599
-8413
-2806
-6278
-1000
9111
-8838
-1912
2545
-8793
3099
-9177
8551
2591
-4685
6742
-8329
-9966
-5912
231
-7932
-8485
-2942
5170
-6290
-8835
2683
-6007
-5711
6995
5067
-4839
-2093
-4179
-8898
6387
3120
5876
9696
9585
3229
-4050
9005
7662
6274
-9907
6141
1489
-1712
64
6566
-9599
-4969
7347
-4954
-913
-989
8772
2117
8310
-183
465
3457
-1749
-9370
1391
5618
-689
-8009
-995
459
3629
6574
3724
-1253
756
-2052
8968
3900
6248
-8140
2271
3731
-9651
1506
-325
-9350
-7875
-5559
257
3355
2520
-2914
5645
7586
8520
1334
1025
-7425
-8793
7497
3911
-3217
-5507
7229
9512
5189
6421
642
-7106
9664
-75
-4706
9529
5721
7577
-1296
8898
9721
112
8315
3972
7071
2355
6369
8395
-9502
-3702
-9141
3957
-795
-3370
-2962
8657
-2977
-8274
-7288
-1015
-3001
-9141
7397
1750
-1087
541
9395
7215
1185
319
-6963
-3017
-5447
-7348
7460
3097
-7069
1504
7134
5307
-967
-2625
-2295
6601
5999
-1799
-2074
6353
8408
9053
-4263
2046
7823
-8076
-8976
-1509
8743
5875
1155
8047
-4183
-5959
1116
7240
-6022
1429
8270
-5986
-8604
7895
1062
4303
5797
6648
-5765
-6353
-1245
-2681
-6313
-2713
-1821
-660
5939
-4122
-2741
-6034
931
8815
-5387
-9904
870
4134
-5083
-9350
-6174
-1898
-1309
-68
-1455
-2677
-6433
8040
-2802
-1127
-3228
8265
5362
9868
-6179
-3262
-8929
3143
-1456
4660
3361
1228
4228
4633
851
-8489
5455
889
9006
1781
-6003
-6439
9666
9826
-3489
-8583
5668
462
9699
1705
-8669
2525
3671
2639
988
-9645
3624
-5949
9942
-4076
2989
-4019
-8570
-5939
3604
-6571
-8392
9638
-6737
2211
-8079
1234
1116
355
9092
3859
-9023
-5752
-3409
-7857
4215
4717
3688
6066
1104
9723
-2773
-7363
-3508
8152
-4547
9099
-321
-4660
-9878
-5202
-5994
-7149
8251
-8234
-8357
-1396
-7555
5724
-2253
9067
-419
6550
-2254
5829
-6563
-3374
-2605
1058
-4651
3216
-9298
-2905
-9344
694
-5473
3581
8526
-8883
4059
-7124
9661
-7698
-7143
-1465
5232
-2725
7643
-9802
-4782
3053
3395
6648
-9909
5702
7610
-4987
1168
-5809
-8678
9258
-8795
-5684
6833
-1250
-4019
-4501
-9740
1479
3829
5424
6234
-8357
4916
-4642
-930
7642
5067
-6849
717
-2597
-4973
-9411
5934
-2996
-6158
-3154
-5923
7021
-7157
-7822
4303
5367
-3562
-6493
-929
-1069
-6074
-48
-9864
8577
-3317
-9436
974
3938
-2481
3060
807
-6893
-505
-2272
-9997
-8409
-7253
-4183
-997
-8504
-1114
6340
-4103
-2114
2430
-7505
-4473
-9721
-6708
-90
-3179
-9790
8565
9208
1387
-4264
-5819
6492
-8941
-9808
7260
-866
8915
-295
5221
-5103
2861
203
-221
-5305
1653
1278
1482
4829
-6518
-7106
-742
2964
2166
-6458
7778
-4767
-278
3554
-4511
8199
9093
-8942
7527
-1917
-9022
-7228
3792
-74
-8196
9676
9948
6086
224
2528
2669
-9459
-7637
-6795
8752
-1346
5544
-2018
-4850
1518
-502
2548
5960
6993
-9137
86
-9664
7725
-9468
-5831
8339
7375
-5455
-197
-688
3868
5240
-4271
-6126
-3834
3854
-8655
-4185
-4762
3592
-5806
8092
2436
2708
1973
-4255
4567
7547
-149
-7104
-9902
-2852
-5267
8918
2828
-8004
-6605
738
1719
-6194
4837
6580
-4865
-4493
5550
-7576
-3586
9587
-6852
1862
-73
-7675
376
4860
-1203
-449
2730
5690
8800
6619
-6964
-1947
-9514
-5306
-1471
-298
-8880
-127
121
-7768
-7530
183
-8046
5614
8756
-7668
5982
-7215
7287
-6412
-1859
4483
-5048
-1175
63
-6194
-2386
-9207
-6430
-7076
-502
4485
2151
784
3805
-8408
9086
3185
680
9056
-7950
-5161
6639
-7383
-8113
6257
3811
3401
538
-7383
-294
5450
-753
-1475
5373
-2784
-7019
9469
4421
-7631
-8251
-8163
-4715
-6294
-6179
7559
-5160
5999
9488
6132
-7733
5548
-4655
-2023
-5164
8317
6550
-903
3387
-1671
-4075
-4950
-7856
5874
-5383
4296
-3829
-4090
-3297
1657
-979
-3449
-4950
-9834
9853
-7567
2964
-2417
-1261
2503
-9502
6574
-1296
3371
8271
4222
2861
-3770
-506
9827
-8250
-3696
-435
-7367
7640
-2952
-9260
3514
-2835
2469
7285
-7492
9601
6353
-5203
7083
9006
8194
7516
193
-956
-9099
-5365
-2312
-6523
-6188
19
7547
3775
2266
-7470
-1869
-9573
-1558
-7509
-2179
-3507
-4184
9846
7974
8300
6707
-5898
6011
-1577
409
442
-5360
-2091
820
-9794
-575
2325
3973
5222
-8468
-7859
558
1552
7699
-5034
-5570
9956
-8590
8288
-1381
-8795
4343
6462
8073
-6349
-2526
166
7156
25
-1888
6987
-8836
606
7505
5128
4086
4472
-719
-519
1425
-997
-6695
-4663
1344
164
6044
3255
3813
-8059
2884
-4912
375
7540
7808
7
9424
718
-4189
1190
-302
-2887
-5835
8431
-3871
-9700
-9915
-533
-819
4596
4941
8190
-1273
1401
3734
7231
-5864
-4655
1492
1594
-3937
-6013
7164
9425
-2868
-8889
1769
-9205
8784
-2038
7499
-3239
-6552
1925
4942
-7005
8265
5654
-7083
9145
-6943
-9969
-2185
-4407
-2754
-97
-1612
412
7543
7548
-6870
-4250
-7461
475
-4496
4604
538
-3786
8543
1041
5601
8766
5751
-8764
-4463
1738
4128
1655
6445
-5051
-9928
8102
-4006
6377
-3849
6611
4806
9046
6690
7021
-9458
9863
-4944
-2623
1685
-2761
-9911
-9789
-8858
9055
-5721
8040
2489
-1265
2637
-7558
-829
-8139
6596
5665
6248
8309
3266
5136
1834
-2570
-3508
4878
-8776
-5125
7992
1296
5678
-923
-9354
-9104
-9001
2959
9701
2982
-9817
-8889
-3395
1337
-7998
5849
-9832
3454
-8875
468
-1925
6021
-2424
5715
-7176
8993
8192
-9394
-9306
-3856
-8331
-498
-3556
-3486
970
2278
932
7408
-650
2575
3665
-7399
-2782
6069
1796
-7060
-5495
-1439
-6105
9791
354
-1846
-6230
4191
3769
-2586
-8946
-5402
-1003
2751
-6977
2055
-7760
8357
2541
-1501
7507
894
9248
-1609
-541
7480
4669
6621
-7446
3677
9320
-5095
6692
6166
-2174
2113
-244
256
-7224
-9150
808
-7912
4211
198
2348
-9530
5930
-8797
-2856
3545
-9680
817
8017
-613
781
-666
-8389
9655
-5192
9127
182
5538
-6326
612
9855
-1890
6950
9729
7074
-1857
-4289
1482
6640
-2917
-4875
-368
-8136
2451
-2292
-5995
4357
-9399
-6404
173
2119
-3654
7015
-5171
-7882
5592
-2529
135
-7217
8656
-8415
-4638
-3235
9617
-7306
5805
4442
9227
5034
-3667
-7200
9829
912
-2996
2335
-1631
-6785
-9761
-9991
-6866
-2019
8449
3010
2003
-5175
759
5457
1802
5600
-31
9391
-4463
-996
196
9804
1194
1309
2725
-1994
-1757
6947
-9484
6753
9715
9424
-904
-5283
9457
-2496
1083
7989
1944
8447
-3032
-8132
2729
-8425
-2555
6937
1209
-6255
-7305
6879
-8938
-8311
-3000
-8860
-7125
-7743
3513
-7151
-2228
5631
-1526
-3841
-5287
-5600
1442
-4953
-5798
19
-9990
-2672
3693
9615
5933
-8507
-1924
1157
9237
5267
8747
-7163
-4178
8444
1156
156
-7154
6582
-9942
-8456
7126
-6498
-8670
-9645
-1857
811
6798
6678
-1517
-7937
-7850
-7570
-5661
-5115
-2991
5027
-8664
-5171
-3558
3615
1992
-834
-7782
266
-9963
-4047
-7391
4232
-1694
8029
6745
-3830
5589
3137
-9693
3434
-9880
-6714
-566
-9403
6478
-8998
8907
-9650
7968
-3473
-5448
3562
-4260
1093
1057
7458
6606
4803
-2504
3444
3319
2122
621
5993
-6654
734
-3650
-9590
-9892
-3818
65
7309
-3471
7842
219
2658
-6851
7162
-9688
1327
3021
-3065
9923
1817
-9626
-8167
-2615
-2249
7386
4845
5099
24
6558
-2785
-8351
-3217
1345
3172
-3402
-9568
-9808
-927
-9898
4534
2060
2951
-9873
-2577
1972
7595
-6454
5250
3846
4789
-7455
-3547
-8357
-1855
7956
-7844
-419
-5487
4368
-4465
2831
8497
-5415
-9912
6922
-855
1052
9887
6387
3148
-7421
298
106
-110
-9255
-6249
-2745
8575
2370
-9173
-3660
2503
6748
6920
-6417
-5166
-2934
8781
630
-6563
6371
4255
-3617
-4770
-651
-631
-3594
4625
-6553
-3263
-8626
-2870
2342
4743
3208
3722
8593
-7974
-9837
-5827
7373
-4834
-1392
4765
9827
-9131
7244
-3389
-6542
-4512
3787
-8946
9926
-592
2284
2037
2746
-9962
-91
8803
4950
-7563
-1124
5336
-4248
8806
3091
8501
-8265
-9565
2796
-4307
1952
-9037
9046
1757
3978
-4314
-4665
-3144
201
2837
7708
-1707
-4177
-719
6292
-4653
2612
-8251
2203
-6684
-7998
-2386
9245
-2669
-8208
-6360
9823
-2771
6798
4511
-5037
6784
-4857
-1836
-5903
-3961
9603
-1222
-4892
4490
-1817
-3206
40
-4776
5408
-5100
8094
2103
3303
5405
1460
510
9017
849
1601
-4456
3792
-1331
6058
4276
-6541
-8423
-9684
8426
1836
2234
9218
7616
-5990
238
-773
2938
6327
2323
-9502
-3210
-5290
-7092
-1506
3229
4596
8417
2821
-3069
-6310
9777
-2209
3705
1675
1223
-2657
3071
-1313
7112
8821
1547
8861
-8369
-230
-8482
-8984
7314
-3262
-2718
-5276
7757
-7574
0
-8088
5673
5600
-2021
-4385
2135
-9854
4295
-7583
-7526
-936
372
-3163
-325
-6187
5463
-5281
1029
-568
712
-5624
-8711
9592
-9634
8762
-9480
5560
-6361
572
-5804
5984
8589
-8389
-5963
3111
-1604
3362
8105
8943
-625
-2267
-9147
-9300
-8061
-8908
-4114
-6066
-8246
6236
-7634
7664
-7529
1774
-7996
-552
1956
-7928
-7112
9047
-2524
-1115
5823
6628
1857
5376
-1982
6300
-2787
-8035
4934
4071
-8530
-4076
-3374
-2580
9453
-3999
6495
-6216
-4276
6705
-1215
-3383
-1629
-9279
1752
954
9065
-9471
8841
335
-295
-2344
2539
-1451
5465
-326
9025
2152
-3300
-9853
-5071
-3187
-8944
-8020
-7994
1708
6
-742
-9491
7041
-6683
-4850
4995
-5502
-1008
-9458
1270
5211
-741
6717
-4649
-1171
1136
-8222
9929
8930
-3914
500
-3290
-3631
9233
-898
-8981
5465
6764
2344
1253
-9947
3894
-5264
2289
8779
-730
5528
2270
736
6344
-5200
8151
8159
1104
-6934
5668
-9477
5706
-413
-2992
-2250
-6747
-2655
-5751
6181
4776
6957
-8587
4340
-7827
1865
82
5949
444
-9526
-8495
-416
-425
-5692
5099
-3724
6801
153
-4238
9410
5583
5919
7240
5562
7967
-7643
-9393
3612
-681
2569
6477
-8605
5743
8343
5997
2822
-5215
-9844
360
-9276
5879
-5210
-4329
-5094
-2860
-692
-8451
1341
-6063
-2002
6131
-5815
200
-6346
-1908
-2984
-7168
-7627
4438
-252
9145
9219
3631
2673
-5250
4122
-8062
4158
8705
7216
-6535
9044
9446
3434
-3932
1712
-4778
8867
-5672
9453
-6935
8828
329
9138
-5654
-8330
3432
8618
-292
-1563
1172
-7819
-7782
4983
7826
8383
-5945
606
1725
-8834
-9075
3674
6455
-2995
-7579
-837
-1440
1429
-1218
5955
-8217
-7562
-9057
-6746
-4470
-7974
-6904
7322
9981
2147
-4744
5136
-8555
-2107
600
5502
1212
-517
8927
-2139
-9583
7566
2887
-5572
-2386
-7649
-8652
-1144
-5552
4565
3094
-1253
5156
-6005
-1665
8172
-599
9736
8268
8735
-8845
6994
-2670
8805
6056
612
9327
9311
-2380
4109
-1623
6441
426
-4234
91
-7395
4694
-9821
1957
84
-6870
6909
3728
-1409
-2073
548
5075
5334
-4045
-8015
-6100
-6871
7343
4535
-7975
-7245
8234
-163
5923
-1149
-8342
-3598
-4637
2360
1220
-8197
638
-6874
4287
8958
944
3158
-5912
-2763
-5781
-6083
90
9234
6595
-4837
1795
-4486
4192
-4553
1151
-8392
5469
-7482
-8403
-1414
-42
-224
-7364
8772
-4873
-8208
-2767
-4790
-3400
3154
-4874
9478
8541
4476
462
7319
2516
4027
2586
-1971
1524
-1617
-1350
1617
-2311
6011
-1597
8941
-3867
-2076
-2956
7502
-360
-7334
2373
-5708
-5837
4045
-9615
256
-8423
-5330
-3815
7541
-3840
9749
8250
4194
9653
-5014
-666
6732
1999
-8670
1797
-6593
9421
8083
-9056
4348
-7560
3272
-4461
-81
-4080
-5199
-7795
-8149
7130
-6915
-6256
-3749
9889
-7178
9329
-1402
-5131
-6396
-7232
6595
4207
5079
9154
-9564
-9940
-5503
-7226
-8578
-4880
-7581
6154
1571
-6794
-7365
-5600
-8367
-7764
-5572
2317
887
1396
6751
3355
6068
-1678
-1600
-8270
1573
-915
7777
-2024
5889
-1499
3921
7588
-7668
-5297
-5339
-9199
9150
-3112
-4336
-5907
1509
-6512
3224
-860
5331
-3393
-8468
1079
323
-4884
-5726
4675
-799
5847
-3895
-2827
-1474
-350
7076
7451
476
4967
-5094
-4805
5336
-2567
8377
-2927
8622
8774
5329
-5690
4105
6577
2572
-6761
8591
-4466
-1403
-7297
3740
-7861
4324
-6262
-2366
6581
-6985
9703
1506
101
-4051
-7244
-4408
2249
-4366
3107
8244
1682
-5080
-3184
-9818
-4868
300
4729
4217
6996
8238
-2376
-2330
-7737
5253
-3595
8147
170
-6496
5339
1545
3644
-5881
2322
8737
-1362
5288
687
1278
9548
516
-2106
-6062
8830
9668
2343
-3239
-6913
3912
4931
1028
-8889
1528
-1131
-3044
5078
2399
9940
-1717
1192
8680
-7807
5371
-8308
7953
5919
3376
-5905
-521
3465
-4679
-6138
1313
6297
5871
-2199
558
9900
8365
-4393
-2498
5090
4600
-542
3573
-414
-6965
2778
-2018
-9151
-9633
77
-7429
3763
-3129
1187
-8090
6620
-3432
1325
7897
9472
8706
2056
-5349
5703
4479
-3522
-6652
414
2567
-9276
2328
4608
4702
-3672
6887
4319
-7600
-7978
8450
-933
-1928
-5017
6757
-8100
-980
-2866
7096
-6906
3493
3464
7086
7668
-2588
6830
6297
9949
8196
-2581
-6078
-1537
3042
-4640
-9060
-2769
7489
-1847
-702
8450
-4653
6745
4779
-679
-3589
9638
5242
2851
1973
-4542
7649
-2021
9586
-4628
4943
7108
3297
-8719
-4362
-565
3458
7082
-8559
8189
-1314
6287
2576
-405
1252
7
1761
-5777
7413
-2679
-6571
-3353
949
6195
7853
-2124
-4508
1572
1042
-9659
-5705
-6383
-4404
-2884
-6259
-8767
8715
-993
5364
4968
7790
1592
5984
-2775
-5000
1372
5165
1170
137
-4038
2855
-182
1486
3097
-8669
-4730
9441
-1135
-5015
3565
-2066
-2635
-1528
-7777
-6455
-9290
9857
-3518
8779
124
-906
-8206
1496
6430
6561
3191
-2285
-6779
7779
-4191
-8854
-9291
-4849
-4279
-3679
2462
-9402
-4803
760
-2233
-3392
3153
1882
-562
-2118
-5863
-4163
-1891
7063
2871
8201
5720
-2351
3760
8779
-3848
2830
-8593
-9509
-2202
9321
1725
2835
-8488
5512
-6721
9672
-252
-5711
-4403
-8476
-1254
-8901
-6582
-5615
2002
-2128
-4179
-6948
-3048
3044
-3617
3768
2
6997
6041
175
2377
7254
-5815
540
-8404
8164
-600
9384
6763
7032
-6760
-3378
-6296
9118
-8948
7420
5013
-8918
-8668
4559
-750
6612
-8371
-1065
-9971
5903
9251
-9018
1566
4749
6704
-5809
-5825
-375
-8940
6027
-2549
-3079
-3519
-3006
1976
-3266
-3833
-7906
-2824
1903
-2774
8584
7290
3724
5713
-3015
7020
1279
952
-8901
-3014
-1457
8746
-7048
-6772
3410
9126
-2528
43
-1539
-6669
-6574
-371
-3940
3470
8768
-5700
-9166
3024
4744
8873
-8138
-3005
9153
9631
-8352
9612
8660
-9400
2965
4451
-4966
1556
-5405
-5545
-8310
5731
2229
8372
8215
3550
-7967
4475
7749
-4932
-6565
1730
-9882
-5008
-235
7661
9172
-6095
9999
-7304
-7522
-7815
-7812
-9114
-1734
8168
1261
2766
-6344
4623
5061
-4462
3955
-2323
-6425
-8823
7329
-9610
-3199
2783
163
2282
5617
8773
5058
8373
-3535
2126
1569
-7000
7747
-8714
-2583
1581
-1637
-6074
3127
-8756
9887
-2378
-9807
8744
-9922
-9930
-6390
2657
1059
-764
7631
6448
796
-7254
-1382
-3569
-9188
-4188
-2978
-4698
3589
-6357
-3510
888
-8103
8957
3954
-7611
-2620
3499
-5595
-7725
8180
-6773
-2296
9762
-5921
-9158
9089
4443
9780
-5554
467
333
-4498
-3622
5351
3991
4750
1360
-9723
7651
7182
-2644
-7513
341
8031
-4413
-5931
626
-4550
2122
1998
5949
-374
3070
-1804
7081
4193
6398
9170
9761
-3808
-3267
-2163
-1575
-5175
-120
8309
-6307
-5811
-7190
3888
5304
937
7676
-3484
-2130
-3837
9432
-4677
-8157
7869
7753
9303
917
-7808
-449
-7067
-332
1759
797
-3520
5941
-4717
8502
5284
5559
7018
-4258
3964
-179
4639
-4999
8047
-9184
-359
-2819
-8803
9918
8264
9753
856
-2579
-9272
1491
-3639
-4295
-9088
-3689
7858
-8938
405
3579
-3246
-1290
-3912
2334
2108
-3281
4888
752
-8414
6330
-206
9530
-4888
6672
-9826
9184
6044
8375
-2758
-8109
-5113
-9628
-9314
-6147
-2540
8020
4186
-7566
-5133
-2688
8611
-2003
1313
6229
550
9009
3129
-9100
-1577
-3753
4229
-9101
-7768
9552
-4267
8100
4213
3591
-3332
63
4978
-3587
7616
2420
9406
5455
-7588
-6038
2799
-8429
-9916
3021
-4636
-1152
9946
-5433
-7675
7634
5476
-6047
3495
-453
3162
-7096
3288
-2741
-7139
-1767
6103
7525
1853
-8619
7090
-3915
6373
-9844
-7925
8723
-9499
244
9462
7194
-7334
-2489
-7326
5483
3403
-8032
3989
-317
9420
13
-6408
-993
-3524
-7357
1213
-1724
7224
6304
-9298
2727
3132
3943
7975
8091
276
710
-3556
6060
3726
260
-7395
8766
-2156
4365
6133
5725
8639
6875
-2650
-1658
6315
214
-5549
-2764
4761
-753
9949
-4950
-4566
-3701
-8396
1827
-1371
8999
2149
8785
-5087
6409
-1468
2877
2883
-7828
3969
-3216
-5546
9349
-8526
-7132
-5024
-148
9289
-7283
-9314
5281
16
7970
1231
-1540
5664
580
-9901
8025
-2720
-7768
-7861
1993
3123
-8937
5017
6830
8156
-4588
3328
9219
5633
-4309
9110
-774
-2608
7447
67
3008
5584
-1737
-9873
-7285
-2356
-5109
-2229
4177
741
-7202
445
2765
9312
-5890
1077
-7362
899
7195
3270
-7785
-5887
-4987
-2828
-2433
103
-137
4918
-8449
-5677
2090
2949
1245
-298
7754
-7654
708
1526
-5236
9045
8253
8152
9560
-1035
5612
-8743
-9884
-3002
9516
5447
4951
-774
6823
-345
5064
-5111
4390
1641
-9568
3433
1906
9395
6674
112
-1955
1126
-1526
-1476
1956
2461
1115
-3161
2286
5215
8951
-5998
-8787
-4402
4298
-9191
-2044
8380
8743
-9202
-6389
3915
2522
4956
3329
1000
3900
67
-4577
8840
3739
8868
-2937
769
-1081
8345
1287
3657
4109
7558
-7238
-5444
5978
-3281
3768
-7137
4772
8255
7570
-7447
6795
4038
-369
4624
5411
8019
-8139
-85
226
-9658
-842
-5420
6818
-5144
3985
-9828
-451
5690
-6729
-2373
4466
275
9201
-4660
8247
8399
-2876
-8392
-1882
1791
-4595
-9815
-304
4144
-7511
-4185
-2696
4385
-2357
352
795
-6401
-6061
-1998
1580
8514
3912
-4379
-7778
271
1136
-5801
2338
-2046
49
-9484
-4200
7862
2227
6211
773
-5362
5824
-14
2943
1093
-7078
-7511
4633
6185
524
-2749
7543
1781
1053
-8740
-3766
7367
3037
1185
-5592
2037
457
938
-2667
6254
6348
-4281
7903
-3742
-1120
-2773
-5302
4116
5586
-3863
-7562
3836
-1657
5272
1249
-3965
-43
-8235
3370
7089
5921
9578
-2085
-9999
-4560
-8518
4976
7706
-9002
-4037
9969
2186
81
-9580
-1590
-3311
6550
2174
-9703
7575
8705
6295
607
-8333
4406
-5193
1874
-4467
1381
3756
-5064
-8598
1151
-1335
-9817
-9676
-3541
1960
-2683
-782
4766
-4795
3411
2214
4041
6467
-1343
-1950
8331
-465
-1540
-4922
-7192
-1886
6226
-5999
-5745
1382
7413
6888
-1699
-8035
9266
-1174
-1888
-727
9677
7896
-5808
7067
-705
-5738
-6883
-4025
-9213
-3389
9956
-8256
8908
-7546
2485
-6837
-5754
3257
-3820
-9921
-1548
-5072
-6591
-4199
6375
1775
-1635
-3798
8239
2080
-1186
8168
9843
4140
2445
-3098
-8350
9052
-3293
5641
-1211
265
7511
2762
357
443
-7513
3579
4674
-4154
-6871
5640
6683
7854
1342
6416
-6426
1290
-7247
-3096
9632
-9901
-8962
-2256
-4467
3259
9840
4280
-3524
3013
4402
3394
-2979
6181
9898
-3222
4831
-9881
-7067
6265
-8408
2851
-3547
1719
4297
9397
5929
-6267
-6804
-8074
3630
1317
-343
-1306
-8669
-4861
4177
-2254
8700
-3076
5290
-3747
-7238
-1068
7171
4169
2052
-4809
2474
-249
-5529
-9500
6991
2373
-9466
-2734
4272
5948
5324
6143
-7170
966
9963
-7987
-9758
-2268
-5800
-9151
4579
4423
5459
-2978
-4203
-5525
-9984
-9048
-2787
-2011
6272
9462
4751
8550
1505
-6626
-7119
6552
-8390
8624
7947
4152
-8894
-223
-6874
7191
-983
-7688
713
-2516
316
5419
2031
2574
-4476
-3569
5035
3968
-7964
3881
6669
-9463
-1660
-7227
4051
6998
-116
-9457
2044
-2635
-4520
-604
-9962
-9252
-6851
-7308
-5708
-7571
1552
-5862
311
-1652
-2566
-48
-54
-4031
9893
4562
-5901
3721
-4228
-5789
7918
-1002
4602
-6116
3259
8230
5866
-3222
5560
2216
4855
6705
-2813
8690
1005
8780
-4992
-5180
1645
5871
-2754
-8843
-5802
4128
-2834
-9795
855
8335
-4443
8622
-917
-1339
-6946
1220
-7978
6081
6530
5850
7155
-4277
1511
-5756
-1869
-2675
4275
-835
-7453
-6962
7822
-599
-8496
-1316
4059
-8141
-6255
-4318
950
4606
-2451
5242
-766
3722
7794
-3697
7227
-1849
8050
7623
-7657
-5992
1094
-9048
-2499
2340
1110
-1748
-5194
2019
-9319
5472
9079
-880
-7084
561
-2056
3509
7131
-5661
-4505
-2776
8119
3764
2965
-728
2068
927
-120
-1664
-1669
5445
9282
-2571
-2155
-3115
-6993
5508
-7752
-9674
-9134
8156
-5433
8194
-2143
-1549
-6205
-1523
2171
1841
-8161
-6042
-3820
2867
-6371
9309
-2838
9578
-448
-6278
-5242
7634
-8495
6643
-4068
6350
-1014
-6065
7522
-7074
5637
1925
-6083
1713
-3500
-1775
1967
5977
597
2784
7065
-3501
5490
-8022
5588
-1096
-385
4686
-8775
9016
-7265
508
9043
8299
1995
-1293
4484
-4779
-9989
1043
6973
4492
8649
-6604
-8895
-579
-7410
-9164
5843
-468
-3887
-9573
3389
-6495
829
999
-1091
-2522
2930
-2793
1795
4086
9091
8489
8543
-7054
5343
-3394
9123
-9616
4146
-3618
1684
-9700
-795
4928
4454
-1140
3670
-4359
4034
236
5075
7072
-8238
8501
-5211
-653
-9511
9652
-7349
-1556
-3504
5996
-1574
1302
7897
6166
5609
-6105
3766
-3023
7004
2741
6971
2948
5463
-9825
9965
9525
6547
-1349
3809
-4273
3200
-4713
6774
-6042
-7878
-3196
6135
9724
8671
-7051
2398
-6032
6148
-9862
2911
-80
663
-2178
-3052
-9466
5363
-1078
-2309
471
323
-6342
2026
-2682
-5244
-5537
-1600
-9399
385
1938
7941
4288
-5074
5350
-462
-9686
7089
7530
3603
-2547
4669
-4989
-4037
8626
-4015
-8145
-8126
-5691
3035
1888
-3750
4090
6077
-5378
8347
-3388
-3105
-3017
307
4628
6519
-674
-4451
4137
9052
427
9658
5337
-8477
-5172
-7732
7592
-416
-5695
7824
-9408
-4318
6172
-1745
4896
-7350
3948
6696
-4571
-69
6922
5738
-8671
-4604
5274
93
1266
-8439
2460
-5907
3280
2743
8871
6301
1873
4237
-1689
7886
-9506
-8721
5231
-4523
-3968
4004
-268
6335
639
9032
2760
-3235
-4105
-8606
-9465
-688
-323
1900
-3498
-6612
-8268
-1364
7021
-922
-5795
-8711
3872
-4068
-9093
6316
-2017
-5194
-2814
8277
-1894
3354
124
-1814
-9326
6667
710
-1791
-4595
-6921
1027
6942
2243
4190
-9223
-624
5461
9431
-4147
596
-9588
-9277
3674
1836
1796
2532
-6454
-9418
8989
-9584
3200
7731
-2690
739
8081
4151
7914
9316
-4761
-1757
4525
4972
-1817
8447
-1046
-7668
-4221
6840
9481
-2418
7387
462
-164
8739
3400
8560
-3279
5107
3807
-5856
-2326
-7667
-917
-3433
7881
1665
8391
-2061
4519
2428
4727
-40
-7238
8598
2538
542
-449
-8345
121
185
7204
-492
6391
6872
-5711
2663
-6023
-5160
-4956
1465
-3127
1053
-6057
-6321
3169
-5980
8705
6524
4243
5152
5636
-8390
1030
7229
-8702
-2153
-3760
7373
-8512
1388
1391
-5090
-2855
4339
393
-8625
5918
183
-1410
67
8949
-9660
3965
-910
-2115
4607
1433
-2070
-402
-2412
1169
-2097
9767
-3587
-1101
-6922
-3913
2608
-6720
5590
-1978
-545
-9680
3882
-6453
8233
-121
3973
-2174
4724
4311
109
7128
-9088
-2143
-8511
5045
2458
-5673
8924
5797
7078
9052
7101
-6541
7476
-16
-9521
8356
80
-1816
-9552
-5247
1964
-3642
8508
-8154
-9606
-5285
1234
-7297
-864
-4965
4028
2880
-1835
-1896
8940
7516
-2122
-4677
3228
-4629
5047
9078
8367
5294
-4621
-937
-2117
-9477
6598
-8379
3680
-9867
-4432
-853
-4855
-7182
-1608
-9039
2586
-5672
2478
1555
-9613
3553
-3357
-7959
-8846
-981
-2833
5014
8442
-3593
-817
9128
-5787
-9142
4768
9180
-3013
-9084
7220
-4148
-8519
-8122
-7018
3313
-6812
8124
-5697
4236
-3946
3788
-2732
4093
-1140
-6320
9545
1440
7802
-562
-3031
-9247
-193
-9439
9466
9599
-1339
5753
-4290
-7384
7253
-2019
-4361
-618
-7808
-533
3804
916
9121
4098
-6203
-5239
7626
1337
1871
-4062
-5644
-9527
2552
1616
6435
-9772
-6536
-8705
-4856
2049
-6367
5248
5148
3147
676
-1541
6270
-4740
-534
2394
6631
-7899
-7980
-4335
5846
-8197
4725
-9880
9976
802
-9891
-2830
8575
-8922
4817
4820
-5262
-3383
-8434
4476
8431
-2780
-7907
1010
-2186
-144
-2640
-4043
4814
-2298
6272
3799
6620
-6676
8725
5368
-9395
1409
-2876
6512
881
8096
1249
4256
6528
4855
-6278
-5855
-1764
-7925
-8381
-9544
2691
2276
-8956
-2160
-2065
7587
1253
-4015
-9254
4905
-8406
7533
5554
-6868
-676
7286
6637
2647
1774
-4958
8368
1696
-5601
-3398
1733
9380
-2173
-413
5240
-6283
-1482
-9615
5579
-9166
6903
364
4542
6761
7340
3334
-8723
-2277
9759
-6419
6312
-3324
-6391
4402
2274
-7740
5174
1416
4027
6179
4699
-68
4471
800
9864
-8661
8407
5764
-2610
7097
6947
8086
-9255
1895
-9233
-7270
3221
-9363
-3320
6109
1469
1878
-8103
9756
-1510
8232
8766
-3329
-2157
-1908
1336
576
-369
-6489
9943
905
-9301
-2678
-8940
-2255
6596
4747
9210
7554
-1902
747
8834
-6492
-9973
9168
-8136
931
-190
-277
-7980
704
3625
4377
-2162
1278
3538
9305
8067
7140
-5724
-5663
-4309
-8267
3298
-63
7661
6059
5556
-4975
7198
-1293
1336
-8747
846
7993
-8638
-571
-4435
7382
7789
9989
-1820
-5874
-6587
3818
2474
-6131
-7660
4614
5765
-1392
-136
-65
-2400
9972
-2105
-5596
-1038
-3091
3544
-9998
1379
4806
-3076
4865
1938
-3644
4984
-6522
-3904
-8092
8661
-4714
-6045
8236
6451
-2346
-2135
4816
260
2020
9036
-7850
-4018
5187
-6762
-9777
2374
9527
-6665
-2426
3406
-9123
6079
7916
4634
-9870
-8118
-1311
-7810
9012
-1568
4409
-7532
-9627
1151
-1148
99
-8371
1196
-1092
-4136
-6447
4978
-3252
3081
-1649
-9300
-99
-9524
-7722
3310
-9183
1385
3081
-3616
8332
9537
8334
3997
-1408
-1438
-1893
-1796
-8242
-9346
-363
6299
2769
