0
1
2
3
4
5
6
7
8
9
10
11
12
13
14
15
16
17
18
19
20
21
22
23
24
25
26
27
28
29
30
31
32
33
34
35
36
37
38
39
40
41
42
43
44
45
46
47
48
49
50
51
52
53
54
55
56
57
58
59
60
61
62
63
64
65
66
67
68
69
70
71
72
73
74
75
76
77
78
79
80
81
82
83
84
85
86
87
88
89
90
91
92
93
94
95
96
97
98
99
100
101
102
103
104
105
106
107
108
109
110
111
112
113
114
115
116
117
118
119
120
121
122
123
124
125
126
127
128
129
130
131
132
133
134
135
136
137
138
139
140
141
142
143
144
145
146
147
148
149
150
151
152
153
154
155
156
157
158
159
160
161
162
163
164
165
166
167
168
169
170
171
172
173
174
175
176
177
178
179
180
181
182
183
184
185
186
187
188
189
190
191
192
193
194
195
196
197
198
199
200
201
202
203
204
205
206
207
208
209
210
211
212
213
214
215
216
217
218
219
220
221
222
223
224
225
226
227
228
229
230
231
232
233
234
235
236
237
238
239
240
241
242
243
244
245
246
247
248
249
250
251
252
253
254
255
256
257
258
259
260
261
262
263
264
265
266
267
268
269
270
271
272
273
274
275
276
277
278
279
280
281
282
283
284
285
286
287
288
289
290
291
292
293
294
295
296
297
298
299
300
301
302
303
304
305
306
307
308
309
310
311
312
313
314
315
316
317
318
319
320
321
322
323
324
325
326
327
328
329
330
331
332
333
334
335
336
337
338
339
340
341
342
343
344
345
346
347
348
349
350
351
352
353
354
355
356
357
358
359
360
361
362
363
364
365
366
367
368
369
370
371
372
373
374
375
376
377
378
379
380
381
382
383
384
385
386
387
388
389
390
391
392
393
394
395
396
397
398
399
400
401
402
403
404
405
406
407
408
409
410
411
412
413
414
415
416
417
418
419
420
421
422
423
424
425
426
427
428
429
430
431
432
433
434
435
436
437
438
439
440
441
442
443
444
445
446
447
448
449
450
451
452
453
454
455
456
457
458
459
460
461
462
463
464
465
466
467
468
469
470
471
472
473
474
475
476
477
478
479
480
481
482
483
484
485
486
487
488
489
490
491
492
493
494
495
496
497
498
499
500
501
502
503
504
505
506
507
508
509
510
511
512
513
514
515
516
517
518
519
520
521
522
523
524
525
526
527
528
529
530
531
532
533
534
535
536
537
538
539
540
541
542
543
544
545
546
547
548
549
550
551
552
553
554
555
556
557
558
559
560
561
562
563
564
565
566
567
568
569
570
571
572
573
574
575
576
577
578
579
580
581
582
583
584
585
586
587
588
589
590
591
592
593
594
595
596
597
598
599
600
601
602
603
604
605
606
607
608
609
610
611
612
613
614
615
616
617
618
619
620
621
622
623
624
625
626
627
628
629
630
631
632
633
634
635
636
637
638
639
640
641
642
643
644
645
646
647
648
649
650
651
652
653
654
655
656
657
658
659
660
661
662
663
664
665
666
667
668
669
670
671
672
673
674
675
676
677
678
679
680
681
682
683
684
685
686
687
688
689
690
691
692
693
694
695
696
697
698
699
3523
7645
-1733
-2290
-2260
1517
5055
-2503
1930
-6047
9143
8121
-3771
3700
3258
-8838
6500
-1799
5911
1427
4575
-8424
5610
-4541
-3832
-3612
2062
-6204
-932
6097
-5430
4514
-6539
3855
1716
-9828
6976
9248
-2423
1837
8744
-473
-6097
-49
-5556
9332
5084
5966
205
-4090
7917
-2925
-3460
-3895
1338
-4482
4236
-4315
3811
5687
2467
6455
9444
5978
-2905
-6154
1299
-2923
-6080
6063
-7397
9909
447
-5058
-920
-5865
-9653
-4967
-1014
5936
9493
-5318
9244
2468
-9597
-9684
-4947
8100
1084
3356
8883
-6824
-7773
7172
3427
-2116
6280
9011
-861
-1211
2309
2999
-3100
-6673
-1852
-893
3167
6585
3779
-6229
-5681
7436
5976
4704
-6767
-2110
-9990
728
8839
-1757
-7058
-4144
-3135
-7729
-5839
-4939
6956
2911
6513
-8136
-6984
6854
-9888
4357
8647
-1010
7095
9014
-5275
-2011
-8351
-171
-1605
-884
-9011
-3046
3527
-970
-7859
-2213
-7190
9674
-675
4336
-252
-3534
-2608
-5697
2257
644
-196
-9944
-1397
3074
-1694
1118
5186
7397
8570
-7111
-3000
-9293
7901
-163
-1758
-6313
487
-708
-261
-2371
-8141
3171
-8226
3472
729
-3911
9642
-6785
-5784
1221
34
7473
-1551
-42
-5539
5947
-6212
-740
-6215
-4078
6575
4491
-7876
991
3608
1428
2565
-4702
-9519
-5443
-24
2453
-7534
-4894
-9383
2288
8234
-9359
-3436
7135
462
5722
5104
6637
-6072
6021
-2158
9576
1016
1164
7485
4712
-3028
8187
9615
-7558
6625
6024
7009
-2252
-5139
9088
-7694
-6564
-8337
3305
-3328
-3062
-7731
4588
-6074
3211
-6070
6295
9694
6416
3426
-8286
-4575
3381
7364
-9745
5871
5360
-1369
8445
1915
-9439
-3975
-1174
9555
6105
-8029
6496
-3198
2615
-6037
9928
-8397
-2415
4499
8877
-3174
2047
2905
5481
4823
-9101
828
2806
-5536
8092
556
-6897
-4156
-2618
7964
-4607
-422
-496
