-48 81 85 12 -7 -91 48 -16 -7 34 45 22 50 -6 -17 51 -82 -51 32 18 -67 -89 -89 59 7 -47 -65 42 21 70 88 11 42 -85 -75 -83 66 -66 81 59 -54 -78 89 -72 -9 20 53 55 10 19 86 66 -16 11 -12 2 -96 51 -26 -7 24 26 -70 -79 30 -13 42 -5 56 17 -53 98 -87 -78 5 42 -93 74 -96 -75 -92 11 -76 54 -95 -3 -34 -84 -98 79 33 -71 3 -32 -39 75 -66 27 50 -33
-52 -22 16 68 12 -5 81 -96 -27 47 -29 45 -15 -13 -26 1 64 79 -77 -54 28 50 -62 -36 -87 -30 69 17 -84 70 -95 -84 20 -85 69 -4 94 -42 38 -60 -14 11 57 7 -42 -19 -27 42 -3 -65 -73 -5 -36 6 63 -11 74 5 -28 85 72 34 8 51 95 -38 -57 -71 66 -67 86 22 -63 -85 -53 79 39 -23 10 97 5 35 -79 -44 88 -49 -33 81 52 96 -15 16 79 -79 61 -21 79 25 16 46
-18 22 -74 99 56 70 -100 -9 -77 -10 -42 83 57 -52 88 -34 47 24 -92 -50 -49 -88 -57 -69 -87 91 10 -71 -30 5 16 76 -68 -14 82 77 91 -9 95 -84 78 -75 75 48 25 38 -13 -50 -38 32 -11 -70 43 60 -62 80 73 99 -97 -94 79 32 15 52 -68 82 -17 75 -33 -86 -83 -78 -73 91 30 92 -79 -82 68 45 -83 61 82 -38 100 -11 4 58 -75 -90 -72 -4 21 -97 12 -2 -99 33 92 53
29 1 48 -51 -23 92 84 20 35 -33 -16 6 42 -54 34 -17 -79 64 -28 32 71 9 61 87 45 -80 -22 45 -24 10 65 -78 33 -59 36 -89 -77 -65 -22 59 -87 -3 8 3 51 -50 -48 79 -1 -37 -21 33 -11 4 51 -83 -78 93 14 -96 -82 -41 -35 -20 -35 56 95 48 98 33 0 -66 -29 -3 51 -78 96 -77 92 -72 77 -87 -68 -30 57 13 97 -27 47 86 10 95 -4 -22 80 -64 21 19 -84 -36
46 76 30 94 -52 -42 -71 73 -32 56 24 15 40 53 10 -69 -32 0 -59 85 4 74 78 -35 -13 -17 42 94 -53 -33 61 -50 33 88 -3 -23 87 -87 33 68 81 -56 77 -46 -90 91 44 62 33 -43 0 -36 -45 -2 -2 -18 -46 23 -95 36 -30 6 -18 99 -65 -67 -23 69 3 21 -40 -100 53 -87 21 -83 0 60 -20 71 -7 -82 13 -19 -76 6 74 87 -4 25 -14 -3 82 -41 24 73 21 30 -42 -63
-88 -96 33 -75 7 -68 -69 23 -37 79 -33 34 8 51 6 58 -19 -59 -24 -95 2 -71 -26 34 -41 33 -100 47 -6 -10 -86 87 77 67 -54 -7 -30 94 -49 96 38 7 -56 -98 -7 25 50 47 -70 4 65 -2 -23 -65 -94 53 -12 -73 87 25 -98 -10 -46 -47 78 -4 -75 -57 39 -21 36 -16 56 -33 -37 -96 98 -95 5 -3 -13 -53 54 80 33 95 61 80 39 46 -78 88 -73 48 14 25 -27 -33 -60 69
88 19 -56 37 56 -72 62 93 15 83 -39 62 0 46 40 89 11 -37 5 7 73 -57 79 16 6 51 -21 42 -13 58 -57 57 -75 -39 10 -13 -88 36 88 78 -95 -90 70 50 5 -71 92 -59 1 31 30 -3 40 -13 -65 -70 75 -3 77 -49 -60 -52 7 -36 77 -8 56 -15 39 -57 -59 -58 73 -38 -5 -76 -27 91 -32 -31 -14 76 95 62 -45 2 70 -41 -54 -2 -10 -82 15 44 22 -67 6 -35 -36 -50
-89 63 -18 -16 13 -9 -45 59 24 29 38 81 25 -53 -51 -69 41 -76 85 -98 -54 -28 -54 -77 35 63 69 38 20 80 83 77 -61 67 93 62 5 88 39 -78 -29 -10 -60 -51 -67 -4 -92 -99 15 -95 -47 8 38 86 88 -10 -49 -52 80 -42 -99 98 10 -19 1 31 -8 -23 74 24 89 20 30 -33 -1 -1 66 -72 98 17 22 24 -61 61 95 -33 43 41 69 60 -48 68 -18 16 -79 60 23 53 -68 -22
67 -37 -25 6 61 -76 -55 -87 88 -87 18 -30 -72 -78 -82 94 86 99 97 31 -15 -95 69 61 63 28 -30 40 91 -61 32 -50 -89 -54 -11 -38 -50 38 -77 20 -54 -45 -21 -57 79 -90 -68 -15 -18 -51 -29 56 -37 52 -14 -36 -39 -83 92 -81 -26 91 84 11 28 12 -22 21 -19 68 18 -45 67 -53 0 8 9 58 -52 -77 -12 27 62 -96 -38 95 21 25 -87 74 -80 -43 51 -51 31 66 -63 -58 22 -31
62 88 11 40 21 -59 38 34 21 -19 49 99 6 -40 -43 -51 55 -9 -51 67 41 62 -11 -58 54 -61 99 18 -87 96 -88 -92 -82 -37 89 43 50 -100 -55 83 -45 -87 -26 3 46 -4 -75 0 -81 23 54 -60 80 -46 84 -41 -88 -5 -62 9 5 -4 -1 43 -12 43 -54 -20 -80 -75 -73 -42 58 9 -16 16 -21 33 -73 35 50 -52 30 -51 69 53 -54 44 65 98 -24 59 -88 -33 -72 -44 45 -52 35 21
100 98 -71 22 -88 -42 -91 99 79 79 -3 34 -69 33 -42 39 -45 -94 -68 57 96 -3 68 -27 38 71 49 14 21 -84 -97 50 -37 3 22 41 -31 16 -60 -50 -23 -72 13 -12 -97 -49 94 -7 -69 -21 -76 -13 -18 74 -48 52 99 57 -13 98 -62 53 -62 -69 -38 -71 56 11 21 -28 26 -41 -56 25 -50 -80 66 -73 -69 69 -54 89 61 13 70 76 -79 -10 68 -62 56 -31 -30 22 -95 -51 87 0 58 51
85 -36 -44 -8 58 -89 42 -55 -77 22 -40 20 -100 -58 15 75 -78 -81 -69 83 23 -85 -61 47 -5 -42 -6 65 -3 21 -65 -13 -94 -95 8 51 -3 -27 28 24 -87 84 -56 41 -26 -56 -76 44 -89 74 -65 -70 46 -5 4 18 -75 17 -21 86 41 73 -15 -87 77 -36 67 79 -30 -91 63 -68 -57 -37 -58 27 22 70 89 -20 80 12 -5 -62 68 3 -6 -33 17 -19 34 -55 -89 -96 -24 -98 13 -6 92 65
-84 28 -75 -19 -51 99 -87 92 -7 19 -98 -91 -86 52 -58 47 -44 15 32 -84 -37 35 -92 46 25 69 -84 -7 -48 64 -20 -51 -69 97 -47 56 -98 34 15 3 53 13 -27 -6 10 97 -63 -48 -21 25 50 -49 32 90 93 -57 19 26 90 -21 -49 50 -92 15 -77 84 -90 53 96 -1 8 -35 64 71 81 71 -86 24 64 -51 -78 89 6 -22 26 42 26 37 -45 -66 -84 75 6 78 -15 97 34 -50 -91 34
-52 93 88 55 59 96 -7 -16 -88 -87 -87 69 75 82 63 95 41 85 -43 -94 7 10 92 -81 68 -54 6 -28 55 61 -87 -47 -37 -82 -38 64 12 -79 -17 9 -98 -40 -18 -86 -47 3 -46 17 88 21 42 77 53 36 -32 -79 44 -70 -99 -39 96 74 -84 -29 -71 -34 -52 -51 96 -71 -69 -58 75 75 70 -60 73 62 73 86 -1 42 70 -56 75 -37 31 -52 60 38 61 -4 73 15 84 53 -45 -91 -6 41
46 -36 -56 -3 -51 47 -78 26 -38 12 72 92 -1 -41 63 -56 -24 23 -1 20 -92 2 20 -68 3 91 -37 20 -66 -85 -75 -34 53 -43 96 -81 19 -60 -25 100 40 50 -88 -14 -53 -62 -5 -58 -67 -64 93 -94 12 3 -100 98 -44 36 -100 -18 -45 97 83 25 38 94 6 -24 -39 -86 15 -14 -49 80 41 -40 82 -45 14 -94 -18 -45 -21 32 43 -19 -93 -68 -40 70 27 7 -3 -87 -14 -85 54 -79 67 -11
-21 20 -76 -58 -61 80 -21 -35 -66 -35 -69 -77 92 37 3 -90 95 53 37 66 -80 -63 92 38 91 64 80 -17 -26 41 97 -3 -19 86 8 73 36 -81 43 29 -23 94 95 77 -90 -21 78 -29 81 71 -14 -57 -69 64 56 -65 -58 40 26 -47 -53 37 79 99 -40 45 -69 30 -15 -31 -69 -76 39 67 57 -8 22 -20 -11 91 -70 53 -98 30 -5 -27 63 -78 -43 87 -83 42 -71 -63 35 78 -94 -33 18 -61
8 47 -31 25 -36 -69 -42 -6 90 -63 48 -75 96 -29 23 -97 27 41 -31 18 80 -43 29 54 40 -24 -100 -75 -59 -56 32 75 81 -3 36 95 -5 -31 -67 4 68 -33 -9 91 -71 -58 98 43 100 -77 -40 -83 1 36 -42 57 -64 29 -55 11 -64 0 54 14 62 -61 -98 37 71 -60 -69 -68 97 -25 58 -83 78 40 -49 68 -97 3 -78 -66 -91 -92 69 -48 90 86 88 25 53 -15 46 90 88 72 -43 5
75 -76 -29 57 33 5 -66 56 49 -35 -78 -1 64 57 100 -33 60 90 -84 14 -75 70 -7 71 -48 72 18 -1 -4 -26 54 24 23 -38 34 -43 -47 -24 6 -47 -80 -61 64 -92 -86 29 75 90 45 19 -25 -54 40 -15 100 -17 -72 -87 -72 31 -1 -22 64 48 62 100 49 55 35 70 5 -5 -36 -77 -80 -93 15 47 69 98 61 -60 88 -6 73 -81 53 55 -23 50 35 46 4 -51 85 77 33 -51 -77 -88
-80 32 -87 62 -10 6 26 91 -75 -5 54 -24 -62 14 57 93 -24 54 10 31 74 64 91 92 -95 -82 43 -5 -65 -80 49 -12 -23 86 8 32 64 9 99 -36 75 -12 -84 -58 -18 -86 -8 91 88 99 50 19 -62 -27 -62 35 7 -16 -3 75 86 78 -35 -68 -68 84 97 45 -88 83 -33 -35 86 67 -49 -82 16 -79 -63 -79 38 80 93 28 -45 -64 -94 81 95 -17 82 39 49 -79 4 2 29 58 26 9
9 27 9 -88 -59 -20 -3 -77 79 58 -8 -79 -23 7 -11 26 -32 -57 -26 -100 -27 67 -14 -53 22 -40 46 34 87 -26 48 31 -92 -80 -4 -54 19 98 18 -33 -92 -55 -50 25 11 -63 -56 -56 -6 66 -40 79 60 66 61 27 -67 66 -68 36 -12 34 4 -67 86 -42 -62 10 87 -83 38 -31 -99 50 -62 48 -25 77 1 -63 34 66 19 94 -67 -69 48 -8 -20 48 45 -17 -53 59 19 -83 33 41 -79 25
66 46 63 68 3 87 37 39 82 -51 54 -6 -97 -70 -11 90 -29 -32 94 8 -2 55 -80 -38 -41 46 57 80 -35 76 48 59 -57 -14 -72 -34 61 -60 98 84 36 -41 -80 36 -49 73 -14 -50 95 -29 -28 -30 -53 -26 -61 37 -47 -50 -30 62 -35 -67 -16 49 -88 -71 -7 36 -46 50 34 48 -6 -5 -26 56 -72 79 -99 -59 74 -92 36 17 -78 80 62 49 17 99 -40 -19 -60 -80 -29 -39 93 -60 -26 93
-75 -95 55 -43 37 -77 60 54 -74 34 73 -58 -93 -7 59 21 94 2 -39 28 -98 -77 38 9 -62 -1 -50 86 -87 -84 -100 57 7 65 -3 -57 70 -66 98 67 22 -62 -9 3 -19 -22 89 37 -53 -52 69 -76 60 28 10 -9 -33 -8 55 -27 -55 -13 -34 -7 31 94 -22 -33 -49 -93 92 -79 -55 -85 25 98 100 -59 -29 -32 -28 53 -24 -89 -70 -15 45 -17 72 -13 25 -27 51 16 75 42 77 26 53 -95
-65 -30 22 -41 69 -46 -6 -45 18 -8 -99 34 57 70 -64 -64 -33 75 -16 32 90 -38 -38 -67 48 -42 49 53 47 -34 28 -6 -29 -24 8 -81 59 40 86 17 59 36 -84 -79 97 -80 65 17 21 -95 98 -72 21 -36 -31 94 -72 -72 -67 13 -12 -75 -50 -92 -57 83 16 -71 11 -34 21 48 -88 72 -51 65 11 53 10 13 -51 -52 93 82 60 -68 -48 -29 83 -92 53 33 79 -34 38 3 85 -46 -20 -1
54 61 -54 14 75 -21 91 48 42 -20 -75 45 18 76 19 -25 100 -2 23 -6 44 37 77 -94 -81 -99 95 -71 -49 86 20 -32 37 -35 -31 8 85 1 7 67 -25 55 -9 81 -72 85 -24 29 68 33 -75 38 20 -41 32 78 10 33 25 5 32 51 30 -31 86 79 5 -20 47 -27 -33 -21 57 65 -6 40 -52 96 60 35 88 41 21 24 22 -78 65 58 24 30 -22 -82 67 -29 46 71 -62 -94 57 71
-51 -6 76 -24 70 49 -33 20 -10 -56 86 -23 2 -44 76 23 -50 -7 37 -20 62 -98 50 73 11 -98 -26 -38 67 24 25 -83 -30 7 3 -1 -16 90 -15 -40 41 51 -92 -91 48 -66 -47 -44 74 57 -72 94 -79 19 -6 26 -53 -79 48 55 -39 -94 -2 91 62 80 8 -74 91 -96 -18 74 -47 -85 30 -44 -56 100 62 -16 94 86 89 5 -95 45 100 -53 -57 47 67 45 -35 8 -9 -75 51 82 55 24
-7 -25 7 3 17 -21 62 3 55 -74 53 55 21 21 67 22 40 -59 29 -20 0 28 19 -71 -22 -99 -23 49 -83 84 95 -8 -11 98 94 -70 83 17 58 60 -77 20 100 4 73 -43 -98 54 -68 -69 -28 17 46 -9 85 -90 -73 44 -62 91 -16 8 34 -43 31 82 42 86 -29 -42 14 -95 -89 -78 32 66 85 82 -11 -11 6 -60 -65 -59 81 81 -60 44 -1 33 12 40 -45 -90 19 -73 91 -62 24 -19
-75 43 33 -89 -85 -92 4 -73 -20 -92 -18 -31 35 75 27 16 37 88 -96 -7 -83 -34 -16 19 59 -32 53 -62 -93 -63 -32 10 36 -65 -72 15 98 55 -74 -33 12 61 66 50 -72 44 -28 51 28 -16 92 -81 -70 78 -61 -63 97 -45 71 -95 37 25 -1 0 22 -14 0 67 85 -74 35 -35 100 -61 -97 10 44 97 17 58 -20 -34 -40 39 41 -93 95 -78 97 -4 42 -86 70 20 82 -18 -8 -9 -74 -98
-100 86 66 -56 -18 -96 7 -71 -18 71 90 -6 44 51 -7 -71 54 -12 -34 -11 65 23 -62 60 65 29 -68 -59 45 -38 58 83 46 86 88 37 -83 5 61 33 -96 6 -85 -35 -21 -85 -10 -20 41 14 26 44 23 48 -37 -9 31 -31 -57 41 -63 9 -63 29 80 58 74 -35 47 31 13 89 97 67 17 55 -31 57 60 -52 91 -64 87 88 100 -3 72 -63 -3 -83 -48 -26 -41 21 67 -100 -24 -78 -95 -67
55 -6 61 -32 89 15 -79 0 0 -86 -82 -4 -2 96 3 -53 33 4 -58 95 80 -15 -42 -81 -64 -38 73 -98 -26 -54 -100 -96 41 -57 50 -61 53 86 3 -68 -20 -66 4 36 34 22 81 47 82 -68 44 63 89 -23 73 -60 -46 -56 -72 -99 -4 -77 100 -82 -76 -68 51 -55 -76 48 -32 -15 -14 -54 -34 57 71 -39 21 -63 -54 32 -30 10 -3 25 -23 -77 -46 7 -16 -91 25 91 31 -91 -14 -32 -8 43
-56 42 -75 60 32 -50 0 -33 -69 13 12 -91 -96 -73 -14 -95 -6 -61 80 -83 39 16 -4 -23 92 -82 59 95 8 -23 -24 -73 51 64 -38 100 -67 85 -39 94 -87 92 18 -91 40 3 -96 59 -89 -30 16 -63 -55 33 -12 91 -90 -68 -99 -40 62 6 50 -100 -63 83 -42 9 76 -40 -41 -99 -27 -57 -46 25 -50 96 -34 -59 -85 22 -91 -42 -9 -100 65 -84 86 -67 -96 83 -47 89 84 -97 97 12 17 9
-5 -89 88 37 31 57 37 32 -18 87 57 -43 1 68 -51 -72 97 -6 -15 -28 28 66 -69 9 -2 28 -3 -10 87 5 -29 2 -37 -76 -82 65 8 8 -8 -66 -83 28 -4 22 -36 20 98 -98 -71 35 -58 -92 -90 83 -63 19 -18 76 -66 -6 -14 -85 -92 -14 22 80 -54 -2 41 -25 -25 -86 25 10 22 63 41 54 -6 80 -4 -99 -45 -94 58 -15 -97 -87 98 -89 -92 72 4 -39 50 64 26 -56 -62 27
92 97 -43 87 -66 -43 -47 -29 22 -39 72 20 48 59 -98 68 97 5 -42 -72 -20 75 6 11 30 89 46 -4 74 99 -51 -66 61 -21 -96 30 21 28 -97 -76 -6 100 -12 58 63 18 -63 -1 -14 46 -26 -45 -50 -55 38 28 -44 -2 -45 51 36 56 11 23 -16 -54 19 -42 92 69 43 90 98 -97 -14 70 -43 28 55 69 98 79 32 33 -84 -80 80 -34 -41 -8 81 29 -56 -20 83 19 -65 -33 -15 97
-5 -53 17 -79 49 -26 -76 -93 68 -42 15 10 13 50 28 -94 1 -34 9 79 -82 13 -2 -63 -75 -59 -71 10 65 -39 -21 -40 49 8 -38 12 -48 -17 28 -4 91 28 80 69 -44 -68 -53 62 11 38 80 -9 41 -15 -55 10 21 -13 97 -8 83 -8 53 -74 53 -74 -10 31 29 -70 -87 -52 73 -82 31 6 29 40 24 -93 -5 -8 6 -21 -76 -27 -49 36 -16 91 96 76 7 35 82 -18 37 -59 -75 38
-35 25 -68 -86 -88 60 40 55 86 94 89 37 -41 -75 -77 -86 -60 11 1 -68 -26 83 30 60 -68 64 -89 -41 88 -88 13 66 40 98 -92 -9 63 -72 -57 -53 85 -45 -84 -59 -16 53 48 40 37 -80 -25 -35 87 -12 54 57 -81 -45 -78 71 91 -31 78 63 38 64 -37 -52 -4 -67 41 -35 -63 32 -1 -90 -80 25 77 78 -57 45 -35 7 -91 -34 20 70 -10 -1 -48 -23 52 54 -20 94 58 91 7 -62
15 73 20 93 8 -52 49 7 -59 69 49 -50 -67 27 -28 82 -71 90 -91 -40 -35 -39 -54 -73 -1 43 -1 26 8 12 81 -72 47 -32 26 -42 -3 -74 -70 -98 55 45 -12 -97 27 -33 96 -82 23 -54 -31 89 43 82 -94 -76 41 -66 -47 -26 12 75 -36 -51 -65 -60 69 -32 -28 56 -7 81 50 -90 89 23 -60 34 55 31 92 16 33 18 43 -8 -40 21 -48 -2 -94 98 -69 85 87 -10 30 85 59 -1
-7 -79 -17 -92 94 97 -55 -53 9 -78 79 83 -85 -61 -98 -23 99 -53 -42 -38 26 89 -76 -13 -58 45 -59 -38 78 -86 71 0 -66 22 4 -92 -64 -32 18 28 -77 -71 80 -69 29 -75 61 -57 -11 0 59 -18 91 -33 6 18 -65 -37 -58 -7 12 4 80 -58 -14 73 -13 100 -15 -13 50 -76 84 -11 30 36 50 48 50 39 5 32 -86 14 -55 7 -60 60 -56 72 -1 -83 -87 18 45 72 -58 11 -56 -76
-51 38 18 45 -3 -14 -33 -10 -43 -26 -26 7 -47 -3 -49 80 -94 -43 -71 -39 -80 -11 69 91 -41 -30 -25 7 26 18 2 98 -39 -28 93 -22 -87 -94 12 39 -51 52 61 -46 -97 -17 68 -46 74 58 64 -91 -51 40 -13 -78 -51 80 -37 -67 -32 44 -19 54 -39 -15 98 -53 -75 -32 -22 -69 35 -86 16 -53 -11 -55 9 74 55 57 97 62 -1 12 -13 -82 41 -34 34 60 62 -92 98 84 -19 35 13 66
-19 -24 14 -65 42 42 28 0 -92 3 -36 -40 -36 55 -48 59 -51 84 -68 -99 -41 -58 -28 82 64 35 -36 97 -92 -35 -62 -2 -13 11 37 -98 -90 96 -96 -5 -100 -1 20 -38 55 -52 54 -53 15 -67 59 61 -85 -64 -23 29 60 90 80 -35 76 -11 62 -10 45 -58 -74 -83 -59 -64 -31 -82 17 34 3 7 34 25 -15 22 85 49 67 -4 -12 -6 55 -78 -92 75 -5 -13 33 27 79 41 -65 48 -53 -1
-40 -64 24 0 77 -34 -19 21 96 1 92 32 12 -84 -73 73 59 -8 52 -40 52 -92 16 66 -72 56 -84 76 -29 44 -61 -63 -64 14 34 53 -8 94 20 60 88 25 75 -40 76 -29 53 77 52 -23 25 1 -13 -36 51 33 -89 88 4 51 68 8 -81 87 -41 18 -56 -15 -72 -60 -66 -10 7 -8 -83 27 -66 -20 67 33 -88 31 -53 -29 93 -15 81 -99 87 70 68 -24 -84 80 93 86 99 -20 21 88
100 -23 -77 -85 77 -6 -22 -12 -94 -36 82 -4 22 -92 -51 89 71 -22 -38 61 36 30 -9 4 98 -93 90 -67 -10 -4 -57 31 -49 13 37 55 -3 26 54 -25 -21 -47 -55 77 73 32 67 10 -64 -62 -33 10 59 -10 -90 36 -47 43 -15 28 81 -87 31 48 -87 19 40 22 59 -62 59 -99 3 -39 59 -4 -98 -67 62 80 -36 -44 -33 93 -8 99 55 -75 46 -94 -74 -73 58 72 -21 -72 19 76 11 68
73 -9 -22 -66 -91 -98 96 96 40 -48 -45 -86 7 73 19 -45 -36 -80 49 -15 34 -21 39 -4 27 -87 46 -58 69 -90 1 74 -81 -89 47 15 -36 -82 16 -79 -64 -56 52 -52 98 -29 89 28 43 -72 -27 -89 -84 89 32 -10 11 -27 -85 3 70 -15 -67 -81 62 -2 90 -21 -13 98 -73 -95 23 -44 -88 -51 48 -48 -88 -43 -32 -81 -68 -85 37 75 -51 73 26 -100 -41 90 94 -47 4 25 18 -74 -89 -83
-32 76 15 -15 98 -97 -74 34 -89 -40 -6 -18 -21 83 -62 89 48 70 -29 -17 5 -95 -86 69 22 -54 29 -62 -4 -83 -10 -91 19 -41 76 58 10 -7 38 94 68 -63 -3 82 -23 -68 7 -10 -92 -67 52 -10 -22 -2 -8 68 -64 -51 75 24 19 66 -50 59 -93 -59 82 10 93 -63 -24 45 -10 90 -59 26 27 -82 85 -99 -43 -73 -98 67 43 36 24 29 86 35 -9 -32 -18 53 -71 -71 -52 69 -19 91
100 -72 -32 -44 -77 -18 35 -89 -79 -11 -88 95 27 87 82 -3 -44 -16 -68 57 64 54 -61 -13 65 -48 -15 51 -92 -58 32 -42 92 90 70 -6 36 67 -54 -15 -37 52 -45 -85 31 -40 76 -37 27 -32 48 75 48 -70 69 -17 -30 97 -2 -49 69 -66 -63 46 26 42 31 -19 -20 -19 27 8 -95 52 -21 -77 9 33 28 -55 -38 28 -78 -71 41 -74 53 27 93 -59 49 -99 100 -32 1 -91 -68 -96 -41 98
34 13 -72 62 -60 32 -76 -95 13 -73 -59 33 -56 -24 33 -93 -93 -96 -48 86 -22 -33 -75 -53 51 38 -88 90 -9 -11 16 -75 -44 -16 86 -64 -43 70 -63 50 61 -70 -57 -5 -69 46 -87 19 -60 11 76 45 -54 -27 73 -83 24 -96 -68 15 26 -41 39 -15 20 -25 -90 -96 -16 38 6 22 -21 22 -98 -27 27 52 31 44 -24 14 73 18 41 62 73 64 42 49 13 35 -11 -53 35 -49 -81 72 -74 -57
71 71 -30 41 83 -85 64 -11 -85 96 -6 -12 -72 -42 96 -8 -70 -56 -72 -46 -32 -17 83 49 -62 -73 98 18 87 -4 -53 -19 -17 0 -34 -39 89 -73 9 52 51 -74 25 1 -17 18 76 -28 -58 49 -83 50 -77 -74 94 -34 -62 50 -22 79 96 43 -15 -62 -19 -79 -76 70 10 -45 17 -36 -21 77 -2 85 -83 83 -22 -76 41 -53 65 90 22 -96 34 28 91 11 -23 -34 -84 48 65 51 87 100 -72 88
13 29 90 -81 13 31 2 47 28 52 38 2 39 -85 11 36 70 41 -95 5 -47 20 -21 82 87 9 93 48 -15 42 69 -14 -91 -13 -79 -48 -30 -14 -27 -83 39 15 96 -43 43 36 15 62 -24 89 12 76 -13 66 73 -43 -56 -64 -73 24 92 -72 -68 71 -13 38 -17 -13 100 32 -12 67 -72 -22 -32 85 -40 -37 -82 88 64 -9 -41 70 -75 29 22 33 -96 33 68 -24 74 11 -46 -47 -5 29 -96 -97
-99 45 22 58 17 -76 -83 -100 -82 83 50 -60 -19 -59 -51 -78 -61 36 -51 -27 -5 -89 -41 -87 32 34 -92 8 68 -39 -95 -70 -60 6 -53 64 -39 29 -38 -21 67 20 10 -44 48 32 74 93 40 -82 65 99 -20 50 -37 34 58 76 67 70 -58 -92 45 41 27 17 57 37 29 25 94 -37 -75 26 16 68 63 61 -83 -100 97 -46 20 -27 60 -30 21 -18 -58 27 11 -49 87 38 39 -25 -41 -54 82 31
-20 95 -47 49 -19 -9 -82 -19 35 12 71 23 -43 -21 -88 -24 56 46 96 48 46 -42 72 -37 -22 27 -96 -51 55 -67 -49 -67 -1 59 -49 -32 -92 30 -22 -94 2 64 64 11 72 -21 -20 69 8 13 -47 -39 75 34 92 -50 36 -19 -44 28 93 26 66 23 -32 50 -18 43 97 59 84 -90 81 -22 -32 23 -63 93 -76 34 42 -62 20 87 39 96 -77 28 -1 4 -19 -37 -78 -33 -55 71 27 -72 -77 -73
-5 -55 -19 92 24 -84 -27 40 -83 44 -93 29 -18 -83 -50 34 -39 63 76 -39 30 -90 -52 -46 -27 -89 -16 -95 85 23 -88 -21 -46 43 73 -10 -37 12 9 -44 -16 -85 -22 -79 93 -38 -73 76 -37 62 -66 -66 -90 -87 54 68 -91 63 35 50 -79 10 -36 -51 -35 15 69 23 -91 4 92 -75 -86 -80 4 -30 -5 -87 -78 -10 34 -17 -79 -4 -87 -15 -41 46 -47 18 -20 -60 38 -68 -69 -17 23 34 21 27
12 97 -35 -52 -86 -37 16 7 -47 90 70 88 -82 23 11 -71 -20 -92 -80 75 -56 -21 -73 -27 78 22 -17 -92 -44 94 -99 11 36 18 92 -33 -25 -31 -56 -46 -48 56 37 -15 59 -49 1 12 -97 -96 87 54 70 -74 87 97 2 65 -43 -15 75 -34 78 52 85 51 -84 -78 -42 61 28 -5 1 -7 -33 0 -38 18 100 1 -100 20 11 -5 89 44 -91 98 70 36 83 -7 -85 27 81 -42 45 -83 82 28
-62 80 87 -46 18 -30 -8 31 64 -2 11 -85 -31 39 -93 40 61 -95 62 -66 -78 -62 -18 92 3 -34 -63 72 -9 -43 -36 -50 15 -68 -85 45 -58 -88 -29 -68 60 -88 62 -62 50 45 90 82 3 54 71 2 -43 -67 54 -25 -73 -26 -28 -55 -35 -63 33 -89 93 -82 57 82 -62 -67 28 86 2 52 -81 -72 -28 78 -57 57 15 7 68 71 6 27 97 18 -50 52 48 -65 -47 -8 27 -19 -21 -48 41 75
-79 63 95 -42 -85 14 -13 -40 20 -92 36 -15 96 80 -30 -62 64 62 -77 44 -72 -2 16 73 -75 -83 -99 -60 9 20 -48 76 95 79 -87 5 -49 -76 -31 44 -70 -62 -12 77 51 53 15 -50 -74 11 -33 -62 44 -89 -33 8 -28 -49 -9 -40 -18 -88 -61 58 43 -50 -12 -86 91 -68 56 -60 98 41 33 -6 -55 49 -26 -8 -41 -97 66 -2 41 -13 70 56 93 -89 -50 -40 -42 88 -59 -29 87 -61 94 -93
-1 -25 40 -98 -38 -35 -43 -28 18 99 -55 -24 48 50 6 -93 29 -55 -49 90 86 -40 93 -9 -8 -35 13 36 41 -16 34 -70 6 -74 60 -58 -69 95 -49 -63 -28 88 41 51 21 82 88 24 17 12 79 20 -13 -64 -22 -67 53 32 -26 -48 -41 -15 90 -58 -55 -26 73 -63 -29 62 84 -9 -6 -34 99 -84 84 86 -48 62 -32 -48 -42 73 -18 -43 -59 -77 97 36 96 65 -58 -35 -95 47 98 86 -86 -39
52 38 16 79 2 55 12 61 -16 96 85 41 -56 -33 85 -78 -60 -95 92 -15 100 32 -37 100 32 3 -96 35 64 90 87 -61 -22 -89 6 85 23 -45 83 60 -1 74 -4 55 80 75 16 48 26 71 -13 78 78 -47 14 84 89 -19 44 75 -93 18 91 -52 -58 9 -88 -22 -18 31 -93 -77 -11 -36 -40 -70 -100 -12 -8 14 -75 -8 -41 -68 33 -76 17 27 -17 48 -47 70 97 28 -59 66 41 -32 -40 -36
-49 -74 69 27 78 -36 -50 5 -25 -12 50 -14 -61 37 44 -52 -29 -51 73 -88 18 -50 -45 -82 -59 -45 -80 25 -23 -27 -24 32 -72 -84 81 53 -97 -27 -62 76 -49 37 -63 -9 62 24 80 22 84 -48 -74 69 -48 -87 -23 -13 -10 58 -79 21 -99 -52 47 14 44 45 24 42 -14 55 93 -81 -15 55 -71 20 -63 -60 86 -38 -20 35 45 -52 -84 -47 21 -38 -30 -21 -28 12 -93 -35 82 -15 -1 -9 86 -15
46 -35 5 4 -12 6 -31 -16 -4 0 4 -17 -95 50 17 37 49 -85 -50 -27 68 2 -31 -74 14 -87 -88 -75 39 20 50 -62 45 -34 14 22 -77 46 80 90 -21 11 11 -59 -78 -85 78 20 -49 67 89 40 -57 61 -83 -78 -60 -92 59 91 -66 -29 -51 100 -87 14 33 -80 -11 -63 -24 88 18 -7 27 -92 47 -71 -78 -26 77 -2 73 2 -89 19 72 -23 54 -26 -64 75 -32 -61 -25 58 -96 -52 58 74
47 -1 85 24 -24 19 35 69 -97 -2 70 -11 47 -79 -1 -68 61 30 -92 -46 -3 -65 -38 63 21 -56 89 -38 41 -92 42 -85 -4 -52 -8 63 -81 6 -54 -42 90 18 98 32 24 53 -6 65 -34 2 61 -42 -90 84 -53 45 42 -81 42 -83 -24 -56 93 60 63 -83 -3 11 66 54 -10 63 -44 90 38 -73 -84 -25 24 -9 -43 -63 -73 36 -77 -86 -20 78 91 52 67 25 37 74 -68 -34 -76 -42 -40 80
-66 -19 -37 54 -67 31 46 19 -100 -71 99 85 15 49 23 -34 -21 21 52 -98 59 -21 -75 46 -32 29 53 35 -19 -57 68 95 69 15 48 -10 -50 22 -52 87 26 95 -52 9 -90 86 65 45 74 60 -49 -59 96 -16 -68 91 11 7 3 -41 -88 -91 81 27 -70 31 -93 10 -18 -50 -19 60 -32 82 40 -76 -41 63 -90 -57 94 -90 -62 -87 -42 98 -22 93 -80 -51 49 -27 19 24 -61 62 31 51 88 -34
57 79 22 -61 9 -28 -76 66 45 -33 -93 -22 21 43 9 -86 80 -40 -81 58 99 19 37 45 -10 -31 14 -39 -34 39 27 -68 12 59 81 -49 1 12 60 -51 -1 78 -83 86 -24 -42 -43 -1 -52 -99 69 -30 -32 100 97 -21 67 58 73 -55 -91 -78 -67 31 16 -26 -57 -74 -7 -52 96 -32 -73 -31 -4 94 -75 25 -60 -17 -50 -40 53 -24 13 -24 -17 53 100 -58 -57 46 -39 -12 34 15 57 -60 -34 -33
58 -52 60 23 -8 13 72 48 56 -100 96 -4 57 93 92 -39 70 -91 95 12 -22 -64 25 72 -28 -38 85 52 67 21 -65 -32 -93 9 34 63 63 12 84 57 57 40 57 -95 69 -78 -16 -88 77 66 -79 -95 -44 90 27 63 -3 97 39 -73 10 -94 -50 5 -55 -30 86 95 93 59 -41 -53 -54 -47 50 -33 -87 -75 -13 82 -22 -58 -38 -7 -22 43 -64 -51 -86 93 -62 -94 -51 65 -59 -18 68 -37 -13 -18
44 -64 -27 -48 5 -42 11 50 100 -6 -88 55 69 5 -96 36 -96 41 99 42 -56 75 -97 -52 -21 -4 -37 -98 92 69 -68 -42 -28 75 26 32 51 95 -52 49 -89 -12 5 -35 90 3 -77 -89 68 -95 -2 -57 68 -24 -15 -63 26 12 8 4 90 57 -13 -10 88 15 83 -79 -88 -98 -37 79 16 -95 -17 62 -19 19 -2 -91 -70 -95 21 -86 -20 28 97 -19 -74 -18 -12 11 -39 -69 15 31 -19 66 100 -6
-12 45 -19 -60 85 -1 -54 42 29 86 -93 45 18 81 33 87 91 25 64 -54 87 49 -60 -25 19 73 -76 -35 71 -10 3 24 -75 53 -10 -26 -17 -94 -17 27 33 -31 69 48 -78 -22 -69 -47 58 -52 75 33 94 -46 -37 -64 2 39 91 1 -82 -60 -3 -100 -99 -85 44 76 -74 50 83 -78 48 -94 2 -67 -59 -57 30 25 3 92 41 -8 34 2 66 -17 -52 55 73 22 39 -70 56 54 -27 -35 17 -74
61 -17 44 3 -67 -1 38 38 -15 96 28 45 -6 -33 82 77 83 -16 -4 -61 49 88 -93 70 74 -78 4 99 -20 29 87 -81 93 19 -29 86 -65 6 91 50 65 30 63 -11 -89 -32 89 39 -9 -22 76 -49 26 13 35 17 18 -80 72 7 92 79 84 -86 78 5 -78 -96 85 32 72 -18 -71 -39 84 -21 -1 47 -79 40 -36 -77 -22 -34 -1 -67 47 67 52 -28 36 -11 73 -31 -60 -1 -3 52 -71 82
-76 -24 43 -47 -96 89 57 -31 91 -76 34 -39 -5 -95 -6 -78 4 -86 -16 30 -10 -89 22 31 29 -100 47 52 -61 47 82 -85 12 10 92 -97 46 38 88 72 13 14 -76 24 12 22 -38 -78 -81 -88 15 86 32 57 -12 -13 58 38 26 -96 57 -3 -9 94 -98 -60 99 31 -83 76 -71 17 -31 -81 100 -35 -48 -56 46 -37 18 84 -40 -97 -71 -22 -10 37 -73 37 74 1 50 -52 83 -89 69 -45 -11 -50
73 -74 -85 -51 0 -51 77 -72 76 28 23 86 -42 -49 -68 -20 28 -85 18 -71 12 63 -63 45 72 -27 -29 -83 -85 -54 -76 -24 59 100 -92 15 42 -69 30 82 29 -81 -75 98 19 -79 52 -92 -60 -67 -48 9 -97 -59 28 -13 -92 -33 95 -18 -90 21 46 91 12 -8 32 -6 -47 -11 -52 -84 -35 -64 77 26 61 80 55 -56 -33 -12 -64 -48 -94 94 96 -59 26 93 39 70 -91 -59 -81 -4 87 -68 21 63
44 50 -93 55 21 -12 36 -50 71 99 82 100 72 4 70 51 13 65 -100 86 -17 -40 32 8 -3 -16 -68 -48 16 -62 93 3 -65 52 -90 60 84 48 3 -37 40 -67 62 76 65 -41 50 77 2 9 -45 69 25 -58 32 -99 -98 100 97 2 -3 -12 20 98 -73 -10 94 -82 27 7 -48 16 -28 81 -10 16 80 97 -22 89 95 -18 -61 -44 -16 -59 15 -80 -74 37 -34 -73 56 -16 13 16 20 -69 -6 -93
-7 100 -88 67 -31 74 -78 -84 49 39 -41 33 55 14 5 13 -73 1 48 -92 17 90 -27 -89 -47 -97 16 48 -43 55 24 -83 84 -25 82 11 -71 -14 -13 -42 -11 -49 60 92 -21 34 -11 24 57 4 11 -13 -63 54 -52 -9 -35 -81 99 -64 -48 16 12 22 92 -28 -34 -94 23 -41 73 91 -21 98 -85 45 -6 14 60 -44 -27 -39 -34 22 -32 -75 85 -13 40 6 66 17 31 71 -95 4 90 -61 90 -60
63 -60 -37 97 -90 14 -33 47 17 -61 -99 1 61 -97 -65 63 21 -65 17 -91 -48 38 -99 -45 81 -84 60 -33 42 -61 -28 51 94 12 -21 -66 -41 -65 -66 78 2 -6 66 71 95 18 19 -46 -29 -92 89 86 -6 -87 31 40 -85 54 -66 26 -15 0 62 57 -33 77 -82 17 93 32 -16 53 -29 4 -28 -42 18 -36 -60 82 29 69 -69 37 32 -90 5 -59 6 -79 70 41 -32 70 78 27 22 -53 25 -50
32 -11 -11 54 90 29 2 32 40 -39 97 41 56 -98 94 4 -4 14 8 -75 16 -66 54 -38 -1 -37 46 -17 -10 17 7 99 59 24 -71 -60 -30 -94 19 -81 -17 -55 -73 67 95 48 57 -19 -26 -21 41 79 -24 -33 87 -10 93 -3 2 62 87 -36 5 -73 36 53 -50 26 -87 75 -35 -67 -61 -47 40 7 73 45 -19 -94 67 43 -42 30 -29 -23 87 67 -91 70 -37 -31 -49 89 49 24 26 80 -89 33
18 -10 81 -44 -70 12 33 -95 -63 -94 -50 84 -72 92 49 17 -83 46 -3 -16 40 6 -52 -64 31 83 61 44 13 74 -96 0 -54 0 -100 -24 28 -93 -97 -68 39 93 26 48 5 -37 -82 -78 24 99 77 64 70 58 -56 -85 -55 28 19 -59 66 -98 -39 24 -83 -78 -54 61 -17 85 1 85 -48 -35 -49 77 -20 100 -78 14 4 -50 -41 35 84 -38 35 71 61 64 -39 -58 -78 83 13 4 -85 -56 32 -35
-58 -77 -96 -16 -64 -40 79 -4 -16 -41 76 -67 -29 -18 53 -81 -33 -82 78 -18 -69 -87 -93 70 77 35 6 65 -33 28 -72 87 -3 -84 62 -89 -87 56 -43 -15 -64 -72 -84 -87 61 -63 55 -87 34 -54 31 -71 65 8 -47 4 19 78 99 42 -19 69 69 -1 -43 -3 -27 -82 -60 -74 87 43 96 65 -61 74 48 -5 -90 -63 -65 -23 79 70 10 75 89 5 -54 -91 -74 63 -73 -48 65 8 -31 39 -55 57
52 33 6 -72 -48 -40 -62 20 75 76 18 63 30 27 10 47 -89 -81 75 -11 -75 -56 -7 86 27 1 -70 85 40 86 -67 56 35 -87 -72 -66 99 -3 7 45 67 52 -7 44 -55 21 37 -63 -4 -41 35 46 46 99 -1 66 98 64 18 64 52 18 35 -28 7 83 -68 -76 -65 99 -9 46 -71 77 83 -19 -37 -32 -55 82 -97 -4 -48 -20 -1 70 30 18 84 -71 13 -74 3 98 60 27 70 22 -57 -59
67 -19 -51 65 -41 -46 -73 76 -9 -92 -66 -48 -59 46 84 -60 60 -2 -18 92 96 -19 54 11 -3 -74 -50 -8 92 -60 35 23 -88 64 99 -75 -35 -98 -54 -10 31 23 46 83 92 24 -69 75 51 59 -32 -40 -90 -76 -76 -86 -34 -52 -84 44 6 -29 100 14 -9 -38 26 -95 75 96 -23 -86 -54 54 -1 -13 -18 82 11 1 56 63 -98 96 -62 69 22 18 94 -92 -11 10 -89 -37 82 27 83 50 15 25
-91 -21 62 10 -22 94 -67 -68 3 -23 -5 -69 4 83 23 93 34 -46 16 -29 -34 -22 -35 84 56 -46 -7 -62 -78 -82 -86 46 17 -13 65 48 -66 -6 56 53 51 -17 -33 50 -22 40 -18 72 -66 21 -40 -21 -77 74 65 -20 54 -91 56 -47 11 30 77 -60 51 38 -91 100 74 22 54 -7 -53 9 32 27 -62 -50 52 92 -90 -25 -22 12 -32 -46 -94 -19 48 -25 18 54 62 -17 -63 84 71 59 -17 50
-70 -11 32 -7 -17 24 -25 -50 -38 -86 -98 -39 -23 0 -12 42 73 38 -22 -82 -58 -53 44 -46 41 -19 25 5 -56 33 6 53 95 -85 -38 -56 -84 4 -77 69 -87 -85 -99 69 -17 34 -43 88 32 43 -100 -75 36 -85 7 55 71 -30 -59 -4 45 65 76 -45 71 -94 41 -85 49 -71 -95 14 -82 -49 29 -88 53 -55 8 94 -52 -43 -76 -9 27 28 66 -3 -37 64 -4 -60 94 38 56 -47 51 19 36 -85
-84 18 -38 -62 -21 -63 39 80 27 4 -92 17 61 88 33 -98 -98 93 23 98 -44 96 -78 26 -12 98 56 -11 -49 70 -85 -24 -72 23 -93 -97 -41 -98 -44 -95 71 -50 -46 -17 -32 -74 -69 -96 50 95 -3 39 96 37 35 43 -36 -67 -35 -43 97 -19 -40 46 -68 -80 -8 -56 21 -29 -84 20 68 80 -36 78 40 -15 29 46 28 -33 -81 67 93 47 -55 -82 39 -9 44 -45 21 30 -64 -70 19 7 62 40
-94 -96 -82 -33 94 -65 50 85 -46 56 -1 -23 57 16 -63 81 66 -93 -80 -65 -55 -45 -9 -23 -74 40 93 72 -20 -84 -100 -10 75 -62 -98 -67 -29 -99 61 -39 75 93 -12 87 -11 95 28 -17 42 -99 90 29 12 -82 3 82 -42 -16 18 -67 -26 19 -87 18 -64 -98 94 60 -84 -90 -87 33 83 -92 8 -56 -72 -49 52 -49 -94 -44 30 65 -28 -80 35 -40 -1 89 -96 28 42 52 84 -73 -73 -98 -9 16
-56 30 -76 -46 18 -100 73 -40 28 -79 71 74 -40 74 -39 -6 91 -15 -96 49 -74 -10 1 -79 12 -14 51 -88 -17 -79 17 -68 -48 57 55 84 23 -49 -86 -92 -75 -95 30 -64 -28 15 -4 -95 10 -7 -29 98 58 4 -49 -8 -26 -90 -20 21 75 -48 -80 53 -73 -42 68 76 -82 -92 -38 100 -86 74 -68 70 -90 96 -21 76 -40 -84 -54 -15 -27 -96 81 15 55 -70 25 98 34 15 25 -30 -62 -21 73 -66
21 -2 -4 57 -31 62 85 -21 -44 36 -90 -46 -45 24 50 -36 -66 42 -77 52 -40 99 -61 9 92 4 -15 37 76 -2 44 98 70 4 35 30 -56 10 4 -97 -72 18 -23 27 62 63 89 16 25 -46 -24 -12 -86 -53 0 -83 83 75 88 88 -27 56 -44 91 73 -94 -34 -97 93 86 54 51 30 -68 -82 -25 46 -21 -9 -57 59 18 -94 -29 25 15 -27 -96 -26 -41 -49 -62 -49 12 -87 25 4 75 7 -48
96 -26 -74 -14 -16 6 -38 87 -75 89 43 -37 -43 95 -27 42 -46 -88 -47 58 83 35 41 25 36 64 -26 -74 -87 44 -81 94 29 -54 11 -60 -7 -11 84 29 -1 84 100 -23 -28 -74 93 18 77 -57 3 -81 -10 -80 34 53 37 10 -22 -98 -37 56 -86 35 -12 -9 -35 -90 66 14 74 -54 7 79 -97 21 -60 -52 87 74 82 22 89 -65 -38 73 -1 -68 18 4 64 -16 61 14 -21 -25 13 67 21 -77
-99 -47 89 23 -89 -35 33 43 1 -38 -36 -90 -69 89 -46 39 68 4 -29 -13 -38 -42 -4 91 -17 -41 96 -95 -83 -88 68 -33 30 67 -78 -29 -86 33 -95 -11 62 -11 -85 -21 -21 -53 3 56 60 -71 -17 55 -91 94 98 15 -40 -22 -44 -45 41 -60 -50 -66 10 -58 60 -49 -22 24 27 -30 -88 65 -91 58 0 -30 81 -26 -22 -7 50 -81 43 98 -31 -92 51 15 35 60 69 80 34 30 -30 85 -51 -96
43 47 93 21 50 -60 -93 41 63 -93 82 28 24 82 -62 -92 85 -58 34 -48 45 25 52 89 31 33 -86 7 -43 60 -86 -18 9 -96 -37 -41 -58 -99 -65 20 84 -83 22 61 98 -83 -30 -6 84 86 53 -50 -10 -12 -82 -68 8 -62 7 -21 -17 -97 -90 26 -22 -27 -23 -65 8 86 -3 93 48 -43 85 5 -85 37 46 -55 5 -22 -27 20 2 54 45 64 86 22 18 74 83 48 54 37 10 0 18 -69
32 -52 -74 -86 -71 -95 40 23 -28 -64 -97 -37 60 1 -28 -45 -61 84 1 -13 33 31 -1 -62 40 94 87 28 -51 -14 -73 -28 73 56 -7 -10 -43 10 69 -7 -21 -3 -32 -8 98 24 88 24 75 -88 -22 1 -84 -15 45 92 -95 -56 -50 35 34 87 44 53 -32 62 41 27 47 -27 72 -46 97 35 -59 30 19 44 -95 -76 -72 -73 7 78 72 -90 -73 86 -50 14 -39 -41 -16 3 -70 -57 77 29 50 -61
71 -6 -18 22 -19 97 69 50 23 74 53 -51 -90 -37 -97 33 -64 83 12 64 -52 -78 -6 14 58 -89 -22 -8 -88 46 56 60 60 47 84 -57 84 55 65 -49 20 -88 23 63 -54 71 50 34 91 14 -73 50 -54 -19 -35 82 -14 -60 -51 -98 32 -50 -40 -93 -1 96 -47 -76 -1 -6 -81 94 61 28 39 -14 -73 -88 -17 58 93 13 -47 61 -95 86 51 74 -49 48 64 24 60 -31 -39 -52 -16 -53 -63 -82
-65 24 -10 81 -96 -28 95 60 -91 -49 -17 51 -51 -80 -27 14 -70 27 25 -37 -29 50 41 -68 72 5 82 10 -78 39 11 97 -86 -47 -11 78 -43 94 33 -81 -21 15 -65 63 44 -52 83 67 4 -51 -92 27 -13 -95 -63 -74 -65 -3 -1 -21 -38 89 -86 -70 6 -15 -73 27 61 -23 48 35 -63 29 60 -95 -24 56 -59 38 21 -32 -25 -1 -51 5 18 72 -44 -62 -11 49 -85 -33 83 -13 21 -54 71 38
23 97 81 93 -40 -57 -67 -22 -1 -75 99 19 -81 -12 -3 46 88 48 10 26 35 85 -95 -12 40 -29 55 -40 -7 90 -85 -26 94 60 56 -6 -37 90 11 -57 15 30 93 91 78 15 -39 -11 -29 81 -12 7 18 -53 81 -100 -19 97 -88 64 -14 -61 -20 -16 -7 9 76 29 46 79 19 -63 84 -77 -61 97 -47 -35 64 95 99 -20 58 -93 -14 -28 -22 -39 80 43 -34 -51 -68 -52 -51 89 16 10 17 92
95 -37 89 93 -67 45 74 100 -44 60 39 -14 83 -43 66 11 54 -88 25 80 -62 -4 -37 47 15 -29 26 -2 43 -10 -71 34 13 71 -85 42 100 -8 8 -19 -75 -87 -85 -16 61 -56 -83 79 67 -99 93 26 -71 -76 -62 90 -66 28 80 -53 34 87 87 -80 27 43 60 15 45 11 67 16 85 70 -40 86 45 -26 6 -9 -95 -28 -38 87 -12 20 66 47 31 -14 -56 9 -54 70 -98 65 -78 -45 -83 2
30 -65 5 -38 -18 -54 99 85 52 86 -38 -62 -100 -7 -40 -3 70 47 10 -83 79 -88 28 36 -69 -77 57 11 -70 -44 96 72 -91 -92 -44 64 -7 -8 -34 -72 -28 43 47 -15 -71 35 32 76 -57 33 89 -34 85 9 76 -17 65 27 2 -30 -65 48 26 61 -34 -94 -34 -31 100 21 21 16 -71 -76 -26 26 -20 65 4 -66 56 51 92 -93 -78 -34 21 -7 -98 70 12 -53 49 10 1 -99 23 78 -53 19
73 85 37 86 89 -76 -91 -74 -90 -34 74 71 -58 -32 55 52 29 6 -95 96 82 30 -62 88 -51 -16 -74 74 41 73 63 -58 64 -88 81 29 88 56 -59 -28 -22 -44 -93 91 8 -41 -53 -80 19 74 93 -44 44 69 12 75 73 26 83 -3 18 -49 66 -38 53 75 97 -32 -17 -100 -94 -13 16 -49 -69 45 -41 91 27 -79 69 20 -29 10 -1 -21 -80 11 78 -75 -12 43 54 -78 -94 98 92 24 42 -81
67 17 -50 91 11 -76 30 37 -83 -38 3 66 1 41 30 46 -47 -78 27 15 -86 34 32 -97 55 42 30 62 -34 -33 -80 71 50 56 7 56 -77 -40 55 20 -24 75 -96 -82 63 90 -20 21 -39 -50 -9 -1 12 -62 -51 -72 47 -67 50 48 -37 75 43 17 -55 -11 -92 7 -31 -54 90 -13 -46 32 38 -27 38 96 33 -84 -39 26 72 -2 -11 -95 -8 17 28 -22 -82 -12 8 -28 93 -21 76 88 -84 -84
68 -17 -79 97 -79 98 -89 -28 80 21 0 -79 -40 18 98 -86 -11 -84 77 68 3 63 -77 -77 62 44 -49 19 -36 -23 -48 4 69 82 98 48 73 63 -4 4 35 7 -12 59 76 62 -86 62 46 64 -70 -88 66 41 -76 88 -93 98 62 -59 -99 8 43 -48 -23 -23 76 -48 77 65 44 49 3 21 8 9 -98 -93 51 17 -75 -7 9 -79 -93 87 -33 -12 55 1 -92 42 -94 -10 -36 -66 -62 -26 54 60
-33 66 -44 -41 -77 82 59 95 61 43 -98 -29 -19 -17 43 22 -2 -44 86 38 45 -16 91 -84 6 -81 51 -59 -19 0 -67 -91 -54 76 3 21 7 75 90 14 -99 -63 -84 63 12 -31 -91 86 99 30 7 7 -23 72 -40 98 47 18 27 -85 77 81 65 -49 -34 76 93 -43 -22 63 -51 42 98 98 -66 36 -42 -82 -63 45 67 -84 -37 -83 9 80 32 1 -85 21 -98 29 -48 55 31 98 -36 41 90 59
-74 -52 6 -94 91 32 -49 -48 -94 17 -58 59 -71 78 82 59 82 -37 -23 -73 32 -2 56 91 52 45 -17 -46 -28 54 89 84 70 86 -33 -83 -58 -76 29 64 -5 7 97 -47 -3 -9 34 -42 -2 68 -2 -27 78 42 8 -1 3 -86 -4 -45 -72 46 -88 99 52 91 74 -6 47 -58 -62 91 -100 -42 75 -28 47 89 -6 -27 93 -14 4 3 -18 -85 -32 60 -72 -17 28 25 7 -35 39 54 -1 66 49 -20
42 31 -25 -56 -6 77 98 -15 84 19 25 -35 51 45 57 92 32 13 -66 71 94 -44 -81 -16 -80 87 -44 94 -67 -22 3 -52 86 3 95 56 -14 5 42 76 -47 -5 -80 63 -11 -12 43 7 -73 -18 70 63 65 92 -67 72 21 94 75 0 12 96 14 -10 89 43 14 92 50 -41 -6 -46 84 -52 38 57 16 -76 92 89 -70 24 -16 -67 -60 12 10 6 -10 39 -61 -24 -33 29 82 65 73 64 5 93
-7 77 73 -9 -55 0 -63 88 -79 64 63 -100 -82 -42 100 -55 -61 -20 55 -95 -59 58 24 72 3 62 48 -56 17 62 69 46 60 -36 -16 -60 27 -6 -57 -10 45 -77 -56 -84 -65 -78 -50 23 -24 -21 27 39 80 -7 -57 -79 -28 -90 -78 -89 -77 -27 59 16 12 -85 -59 -24 -24 -9 95 71 -88 -36 -2 -30 30 1 2 -83 -40 86 -70 -90 66 10 67 73 -89 90 9 32 -90 -32 42 -63 73 -58 56 83
-92 -9 38 -59 -91 -69 -24 -77 -23 -48 -35 4 -26 -64 92 52 92 56 25 -88 -61 -37 56 -22 -90 -3 -9 18 -31 -75 1 -28 20 76 -18 73 -51 -31 4 40 43 -99 100 64 63 -68 -66 1 -80 27 49 14 21 -28 -76 -86 69 -28 76 -55 -74 -64 -10 35 73 77 76 -5 -4 -36 24 91 6 -58 -45 90 -24 -7 -31 -40 -6 16 -47 -97 9 8 38 -91 85 -6 75 29 -95 47 23 -79 -92 80 -36 -49
41 -19 41 75 -29 -15 -84 -28 69 -42 27 54 43 -93 -37 -14 -37 -88 84 15 88 -31 -49 63 22 40 -20 -31 59 -78 -66 -61 30 -91 52 -82 -85 -80 5 -73 58 0 -67 86 -19 4 40 86 -32 -41 -16 -72 -36 1 32 -11 72 49 36 71 98 -54 48 26 20 -77 -55 -81 -69 -18 61 67 87 67 39 -45 99 -53 2 -67 -84 100 39 22 81 -90 -85 97 83 17 2 -38 -58 1 -100 27 80 58 -4 -43
19 -73 -62 57 -53 -25 92 -56 0 -91 34 -10 -2 23 -57 -36 -77 73 -24 -33 -37 -88 68 -22 53 -83 -47 84 81 78 -33 34 97 60 -98 21 4 -69 75 -58 -38 -42 7 36 -60 -93 56 -94 -39 -83 2 -98 -89 16 59 40 54 -27 -78 -85 46 -4 -30 64 22 20 13 77 88 83 13 19 11 37 -22 -78 -68 15 75 -73 -1 98 -86 -63 -67 -40 -95 -98 -41 45 45 -7 72 60 -59 87 -28 -90 60 -47
90 -20 79 6 -38 -66 0 59 -29 -11 28 41 -89 -30 63 -45 -58 -40 -97 -63 -60 -64 17 -31 -90 93 -69 99 -96 -38 -89 14 15 -61 51 -53 -29 50 -91 20 0 -75 -33 73 48 -47 -74 11 -20 -23 74 -32 -55 -11 -28 66 -23 57 53 -82 73 -40 -83 -76 52 18 -80 -74 57 -96 24 50 -51 -87 2 -59 -14 33 -10 40 -31 19 -94 -24 -56 -74 -1 -7 64 55 16 -23 -27 100 -93 -60 -7 -65 29 -93
-8 -36 100 -60 -98 9 -33 -39 46 56 9 23 87 95 -79 -76 89 -31 -38 -27 -82 35 34 66 21 100 12 -50 92 89 77 -47 -98 -45 -80 -55 30 14 88 -88 5 8 -94 -79 29 96 -91 95 -40 80 79 -72 95 53 -96 -98 -53 71 -52 12 -23 95 29 -21 22 -9 -10 -64 14 -58 63 -69 47 37 -60 -42 -82 77 -90 -100 -52 43 44 -24 -91 -43 49 10 -61 -36 11 -44 98 53 21 -33 -4 67 10 -90

99 -75 -87 -15 74 43 93 -97 -65 1 17 45 -27 85 -64 78 -87 -95 20 -86 -33 34 -87 -97 33 51 64 38 64 -41 -35 34 -72 76 80 -18 50 60 86 -66 -58 43 65 57 64 -54 13 -50 55 -94 41 38 82 88 88 -87 14 12 59 -74 -89 80 59 -17 89 -33 -11 -39 23 -50 19 2 36 -1 -99 63 -100 95 -39 -11 -96 41 -26 51 -96 -27 -37 -1 -1 23 19 61 -100 -26 23 -22 80 86 46 23
17 -52 -71 62 -93 82 43 73 -59 -15 -15 95 -51 -100 61 -55 25 -94 -25 8 42 -36 -70 92 -14 -84 -76 93 79 100 77 73 35 6 -49 -24 -82 32 39 -95 -83 63 -69 9 0 72 32 38 -62 78 8 0 -78 -28 11 -94 -94 14 -40 -65 90 17 97 -66 -45 68 -100 18 65 -16 6 -30 -99 -76 -85 10 30 -44 24 77 38 -84 89 -30 29 41 -53 -69 7 -3 15 -88 -48 50 -45 46 -89 25 29 90
-60 -45 0 25 80 -28 -37 15 -50 -10 -65 18 -99 -97 -46 -37 -18 -59 -24 -32 13 -9 23 40 55 79 17 37 -10 -50 -98 -18 -87 -44 4 -72 58 46 2 94 63 -60 -18 -57 34 -73 -30 -38 64 11 -2 -84 65 24 11 12 -32 18 56 -20 74 -47 -76 -30 80 18 -95 85 -44 -26 -5 17 -8 -85 -67 93 18 5 -31 52 -37 -32 40 100 -73 -82 -93 65 -13 -95 -85 -54 -2 27 -70 16 30 -36 -59 27
-82 -96 -18 -73 55 3 87 95 -51 -49 -34 -68 -100 -15 16 27 -100 50 56 69 -16 -84 -25 -87 -71 51 13 2 32 -16 -68 23 -61 64 31 23 -99 -93 -70 -79 64 -96 70 5 -20 -31 -11 -93 52 -33 32 -59 -18 -52 -85 93 70 -82 94 -9 76 -97 -20 -34 -33 5 -58 44 -84 -61 16 24 -36 -23 -73 93 -95 -30 5 -56 47 50 70 28 -50 81 25 -15 -35 -8 -32 -33 77 -5 14 94 33 7 19 -70
24 -22 19 -43 15 85 -4 52 23 -52 52 34 39 -57 35 52 89 -61 -66 -82 -57 50 -22 -33 -71 -42 59 -57 88 -7 76 66 -39 67 -56 49 89 -46 -32 -7 -57 55 -23 15 32 100 -22 47 -14 -93 99 -52 -93 65 -2 -62 100 -72 95 -79 -15 -33 77 33 3 24 39 17 65 1 68 -100 22 -9 30 -30 -52 28 -18 -54 -60 -79 66 -19 88 -47 -92 60 -72 28 -72 -7 -20 -97 -19 -72 83 92 66 3
-79 -57 -90 -71 -84 72 95 24 -28 57 -51 -18 -63 54 -86 -21 75 -50 -52 -51 96 -90 -38 -19 -78 60 50 15 -19 -47 -98 -77 -43 71 -41 -15 13 7 -36 -91 9 -21 34 80 -24 -95 -6 79 32 80 -79 -20 13 -15 -57 -42 -26 -28 -16 -10 -7 29 -58 82 -77 -58 93 -43 -76 -84 90 -75 84 52 -32 0 -89 21 -3 51 84 -2 81 28 -77 -5 100 58 -62 62 48 -92 49 19 -48 49 38 -49 34 55
74 60 98 53 -54 -30 -97 69 -61 28 2 88 48 -96 91 47 41 -59 -91 8 -79 -75 48 -57 10 -57 -81 61 -44 -40 15 -87 28 -64 -11 3 63 17 91 11 -84 35 -88 -80 -11 -5 -81 -21 -66 -4 -25 10 15 38 -7 69 50 21 -60 -97 99 29 -61 -60 -74 -68 97 17 49 17 0 -28 -3 36 57 -72 56 92 -72 13 86 94 -30 -48 -9 54 -66 60 3 -6 97 -77 -96 55 -49 -9 -29 93 46 -62
-75 81 -44 -84 -87 -39 63 -18 -7 -70 4 28 40 -97 -51 -54 91 -93 0 85 -71 -62 -32 23 37 -95 88 -3 -5 26 -56 -74 94 -76 -9 -67 -95 -87 -5 13 -58 21 89 4 22 -82 71 69 -49 -44 35 58 -90 65 -76 -41 12 8 23 18 78 22 -5 -39 28 -75 60 53 10 14 -43 48 -49 -88 -38 -90 75 98 7 -50 -83 -1 71 79 -41 -15 -50 -69 24 -85 48 60 83 75 95 -54 -69 -89 -66 -27
33 -92 91 98 -28 -11 12 91 -58 -65 -84 2 -91 -76 20 16 64 60 80 95 96 9 72 57 -39 -90 -100 78 100 37 -15 -47 50 78 -34 -31 98 61 -56 73 81 -17 -2 -64 80 -56 -30 55 52 12 -7 -59 23 -92 -19 23 66 -97 -2 16 68 -85 -93 41 27 55 6 -48 -35 7 98 -3 85 -54 -49 14 18 -77 16 38 91 -16 -7 43 -33 50 -89 -97 77 51 -4 36 72 -8 51 22 91 -39 -29 100
85 -98 75 38 -3 65 -100 69 -57 -48 -61 -84 -51 61 -19 -65 -81 56 -28 -92 21 -74 -32 -85 -9 68 -87 63 -21 50 -2 82 -71 59 -32 39 -1 -86 -44 -71 -1 -50 -97 -78 9 -69 52 38 -85 -47 -94 -85 -83 90 -11 34 29 -65 -4 -52 15 15 24 75 -31 5 -36 12 -95 39 -33 -54 57 8 37 -41 34 85 -19 95 -25 56 -26 -4 76 21 52 81 -18 66 92 -43 -5 -83 -93 22 -15 -7 13 87
27 -37 24 -92 -55 -40 -46 -39 -74 86 -89 -81 38 53 48 -66 94 -51 -12 45 -28 6 68 40 21 69 -76 -93 -59 99 57 0 -16 33 -69 -5 60 40 42 -98 -76 62 35 -96 82 77 21 -64 -10 -19 -61 11 -78 97 68 -54 -3 17 17 -63 36 75 -43 32 77 -45 -83 8 23 -1 87 -81 56 -44 42 68 63 88 6 -100 27 65 50 16 -25 -61 -88 -93 30 71 -2 -66 30 92 -68 -42 -53 -6 90 46
95 -79 -67 26 -61 -53 39 -53 -74 17 -98 -47 -86 -6 43 55 -65 30 47 9 18 -54 39 -34 -59 -57 37 58 3 32 -33 44 18 -89 -5 -33 68 61 17 -12 -56 67 -4 -67 43 66 57 -45 48 -52 -90 -8 4 -92 59 16 62 -9 20 2 93 -61 -47 87 -49 -5 -43 12 -58 -54 -79 -22 -89 35 -97 70 59 15 -39 80 7 -84 91 47 79 -52 -43 -64 -9 -34 -14 86 -42 98 39 95 -42 98 -25 12
-26 -98 0 1 71 29 62 54 38 -94 45 87 63 98 -86 79 -15 17 27 -74 81 -52 -25 -2 -1 -12 80 43 -29 82 81 -57 -85 91 60 -49 -21 -91 -62 -3 76 -16 -47 17 -34 -91 -91 4 33 -15 17 5 63 94 29 -65 -36 -34 -41 -30 -41 -43 -26 95 -10 17 -83 74 -95 88 13 95 15 99 80 31 3 57 55 -41 66 83 -46 -61 -41 -56 66 64 43 16 73 -82 -48 -57 -35 -12 25 40 35 -76
-20 -15 87 -5 -55 -15 58 62 -92 36 -29 -51 -20 -22 -43 -68 26 56 -16 86 60 49 49 -42 -92 84 -97 -68 38 -53 55 67 83 -56 -93 91 -88 -2 29 -61 -19 99 27 -91 39 11 -8 -34 82 81 -68 84 0 69 95 41 -98 63 -23 86 38 63 5 68 35 81 31 36 78 1 50 -96 98 27 -38 79 -63 60 -23 -85 90 0 97 33 14 77 -9 92 -30 45 39 12 94 -22 16 94 -12 -21 -16 96
-92 -87 -38 84 98 45 75 -3 24 -8 -16 -27 -10 33 -22 -2 7 -16 76 85 55 -89 85 91 12 -75 -51 -87 18 -46 -83 -94 7 -72 57 51 -79 -25 24 82 31 -75 23 -48 -27 -99 -80 74 -39 75 -88 14 -40 -30 80 -63 46 83 -27 -77 86 15 -74 -26 79 -10 -8 86 92 44 20 10 55 61 57 79 -32 -97 -5 -6 -54 -3 -99 83 -51 -72 -5 -68 -74 -56 66 80 -100 9 -92 -63 -94 70 9 -89
-66 -43 3 -28 -53 93 53 -21 -2 21 -83 89 38 -27 11 93 76 9 -44 -54 -18 78 -15 -48 -46 55 -11 -85 -80 -65 34 80 87 31 86 -84 63 -11 77 -76 9 7 -9 -39 32 -73 -85 -3 -67 -76 36 -99 9 20 -17 -88 84 67 -57 -30 7 -55 80 70 45 88 64 76 -63 92 -77 -61 49 -100 34 -60 -91 -6 54 63 21 88 73 -93 24 7 54 33 -42 58 100 16 -4 12 -57 -66 -55 -62 81 1
32 94 -60 74 31 -49 -26 -6 93 -78 4 -6 -6 -56 -24 -91 -40 72 84 72 38 -54 22 -7 28 -6 15 -70 69 -42 -61 -79 -71 27 -66 -49 27 -27 64 11 -80 -43 76 83 -35 -40 -9 -49 -66 -95 -23 82 -82 73 -23 61 2 73 34 -13 -47 72 -34 -39 98 36 70 -91 -27 -80 28 -66 -62 -85 -57 67 31 -81 62 -76 96 4 92 63 -67 -66 -46 10 -77 40 -53 19 -82 61 60 -64 -82 -50 -72 90
5 100 44 15 -84 96 -32 20 -37 -83 82 92 0 -24 -52 31 -66 0 -91 -32 -80 -100 69 59 -93 60 57 21 82 50 -87 83 15 76 -94 -2 31 97 71 73 27 47 -98 -28 -73 57 -60 -8 -28 -66 -44 98 -100 1 1 93 36 -76 41 44 -57 7 77 -41 82 -60 47 -75 -94 -15 75 -11 -1 49 -73 -4 31 74 -59 15 86 -98 34 49 25 -26 -96 46 24 -62 30 -72 -86 35 -12 -94 56 54 -62 -37
53 -40 -44 90 3 4 78 2 -67 35 29 36 38 -67 -33 77 -49 35 -99 -96 75 -31 84 58 66 -79 -32 -28 18 48 72 3 26 -42 -62 -96 -40 95 -55 -67 8 71 44 -62 41 35 56 19 -36 -43 -17 29 -58 93 28 -32 -56 -56 -90 54 48 27 -97 95 -55 -79 28 25 23 -7 -87 65 -40 -99 -87 78 82 -26 -61 17 32 -43 67 29 -43 10 31 22 -24 63 -95 -45 17 -59 -75 87 2 -3 56 -63
-4 23 67 -2 57 -81 84 -33 54 21 -86 38 0 57 -1 2 -77 -22 -16 44 44 -10 -14 -14 -50 59 -21 75 -69 44 59 -37 13 92 -29 77 -98 -57 71 -93 -48 -22 -93 -41 9 -80 46 98 72 60 9 83 -90 78 39 91 -1 52 80 -66 1 -26 -59 -87 -60 -10 82 92 -12 -14 84 -19 -31 76 -1 9 -54 -68 -100 -97 -25 5 26 -79 -20 -83 65 -27 -56 90 65 -68 1 -87 -98 -39 -37 -63 72 77
-99 65 87 -52 -26 20 -70 13 71 74 11 -100 52 23 -6 85 53 71 -84 2 17 46 10 -7 45 -24 -39 -17 -79 -97 31 1 82 9 53 -55 -33 19 11 72 -29 63 -65 77 -52 -36 31 53 73 -80 77 57 84 -27 54 20 34 -98 -63 -78 19 11 12 -42 -53 -23 30 -87 62 -92 47 54 -77 20 -39 6 53 -42 59 -32 62 -2 -80 74 -95 -27 79 65 56 55 -21 -84 80 90 14 35 -30 -64 -17 67
100 -30 54 56 90 -27 14 7 -20 -7 -16 99 -77 51 1 72 81 97 -91 -21 59 -79 -66 -75 80 34 -44 -1 -48 -33 67 -25 61 -37 -33 67 -69 70 60 46 -72 -38 -31 75 13 -18 -17 97 -46 9 79 46 38 91 -48 -67 -20 7 -60 -14 54 100 59 -14 12 51 98 10 25 -79 -87 32 77 -94 -72 5 75 75 -55 12 -96 -48 -60 -28 -15 33 73 -62 -98 -35 -70 -99 83 14 -43 30 32 94 -41 98
-67 -52 -45 -66 38 59 44 28 -54 -18 -88 76 -71 -9 27 -43 56 -66 84 24 -46 92 20 29 -65 40 16 79 4 29 -76 -55 -63 -2 -74 -4 -29 -91 -82 83 -88 20 23 -12 -18 12 -92 -83 44 -36 56 -82 73 -96 22 72 9 81 -15 99 -78 -11 -47 -56 -11 14 0 -20 29 -67 -24 76 50 83 -4 43 83 -11 -67 -13 -71 -71 36 -35 -67 88 28 80 12 -36 94 76 -37 -92 -92 -82 52 -63 70 43
51 79 -68 88 43 77 66 -56 14 -48 66 -30 -77 55 -59 58 -64 80 78 -37 7 71 97 -97 1 3 -89 1 -100 67 -83 88 -66 33 -31 94 -55 25 72 -18 34 -60 98 31 56 50 -100 57 2 -23 -54 -74 96 63 61 96 -73 28 -17 -16 17 32 -20 -57 99 -39 71 76 25 25 -90 -99 14 40 -82 -6 -30 -59 4 8 90 -10 -8 80 -82 -48 90 -13 29 -88 -48 -4 -7 -14 -26 58 59 -83 -4 -88
-40 26 -80 -50 -46 -66 26 -79 33 -17 88 35 50 49 88 -57 -36 82 68 31 -19 -35 -77 49 -95 -7 81 62 -55 75 -16 -23 14 -57 -22 54 10 -99 15 -33 -1 -44 -55 49 -17 -87 84 -20 56 -15 -2 -26 84 5 -36 39 45 -78 -77 -10 44 59 15 27 -59 33 44 -19 33 72 52 -57 34 25 -56 53 -21 -18 64 31 33 49 95 -63 5 -14 -77 -46 -36 -75 12 -26 23 28 28 3 -16 28 28 78
-4 12 -74 -39 64 -94 86 65 0 -37 12 -40 -77 -75 37 -42 39 -27 -62 20 6 -36 -33 -28 -66 -54 73 -9 -15 -29 55 -13 -99 66 9 67 96 9 -33 -59 -33 -85 15 75 47 -34 67 -41 -53 -28 -64 -54 -70 42 99 33 -27 -3 47 92 -68 27 -39 25 66 85 36 85 -90 -50 83 -47 91 -90 -84 23 -21 54 67 -11 68 -15 93 -6 -73 -57 -95 61 31 -4 29 -10 75 -31 -33 -51 -37 -81 -21 -87
20 -7 3 -48 99 59 63 1 68 32 -36 -11 -62 -25 72 4 -34 10 -82 -37 6 81 -28 52 -26 89 19 -35 35 -40 -95 -43 46 -12 62 79 -34 64 4 1 -81 -27 -60 56 21 54 -70 -63 84 -64 -58 72 -89 -16 -16 -61 -22 65 -43 0 -77 -80 32 52 26 -82 -32 -5 84 -54 42 -51 70 -64 24 100 -22 -93 -32 55 -24 -76 17 -63 9 -28 9 35 -83 1 -59 -39 67 -6 -23 73 -8 -90 49 -49
30 -35 64 -73 79 -70 -79 21 -98 56 -40 -65 -88 86 22 -89 75 -100 -84 -4 -64 -97 16 -19 -67 58 -82 2 16 -84 73 -76 -48 58 -75 4 -19 -72 -43 85 68 -92 30 92 -35 -11 -73 -46 60 62 -21 -95 48 -71 5 -98 -93 16 -61 -65 21 -77 73 73 -96 27 -73 51 16 -100 -31 49 28 -15 -42 -24 -58 100 -78 87 -65 1 -100 -2 1 -38 -49 3 93 -59 44 -47 -35 26 -56 90 -86 30 -45 -15
-87 -21 -25 -87 43 73 26 51 -75 -85 80 56 -24 -79 -10 -19 -97 -44 -58 89 -79 -23 -91 -41 -77 -14 46 82 -81 17 77 12 29 60 -5 -100 69 18 45 -33 85 32 -68 13 -54 95 84 28 83 -71 2 -64 -78 -52 -29 87 55 -88 96 5 -44 -99 -89 -39 -99 -51 -74 87 -25 10 -6 -86 59 34 -67 -69 -19 -1 100 26 -2 51 77 -71 43 97 6 93 39 72 92 70 -17 72 8 99 -41 89 16 -45
-82 -82 -55 55 11 -10 -42 75 -16 34 75 -18 20 28 94 82 -90 94 58 80 29 -89 -68 -43 48 -40 56 12 94 61 80 37 -87 -89 -83 -92 4 58 36 39 15 -17 -20 -3 -61 -77 27 80 -95 -28 -33 63 49 50 83 -44 92 -27 48 25 -33 -58 40 -61 -34 -14 3 -95 56 58 -96 88 -31 10 -21 -71 19 -52 -45 16 60 -17 -27 72 -31 11 32 -49 -87 -1 -80 43 -51 -22 -53 61 -76 -9 -49 96
-3 -32 78 -75 17 -58 -80 -50 4 -14 100 69 -42 -66 -46 -77 3 -90 37 -69 78 43 -65 30 -55 -78 -45 12 -53 44 -28 36 -22 -94 -96 75 -96 -34 -12 -92 -46 93 -54 -1 -66 -10 -27 -30 10 64 36 53 -64 -23 49 76 -33 -85 -18 28 -28 4 39 -97 -65 51 54 -34 -43 99 -68 85 -44 -44 73 -88 -80 -87 5 -69 -49 -32 29 -38 59 87 14 -52 -99 -39 -28 2 -37 98 50 -54 42 61 76 -1
-38 -86 40 50 93 20 7 25 -65 -58 -22 -50 -35 69 -11 10 48 14 -27 31 23 -27 93 73 -65 91 2 32 90 32 93 34 -61 -51 72 -97 -35 -43 -47 -93 -69 63 -11 84 56 42 -83 82 -96 76 33 84 84 43 17 97 -44 -65 100 -33 -91 -89 -46 -15 60 -36 -52 -10 26 -6 27 84 44 -61 96 -91 -54 21 -4 -89 -8 48 39 17 56 -29 -15 42 -62 10 -89 38 85 29 -17 44 -20 -47 8 -2
-45 -68 -86 -70 65 87 55 86 -81 -65 -54 51 23 -47 -90 21 -23 -54 87 35 76 -28 4 -50 55 78 30 45 -37 52 79 -18 -96 4 67 50 -2 -88 28 99 46 58 -36 25 81 86 -3 93 50 56 -77 -48 -37 -60 -99 25 1 19 99 -50 33 50 52 29 50 -41 -67 -71 1 -51 -96 -95 -62 -40 -6 -26 81 -33 -32 21 -45 -54 -69 -84 -54 97 8 -76 67 -6 50 41 62 -37 -83 93 3 -81 99 -65
39 -58 -26 -47 30 -85 -63 -96 78 71 74 87 84 48 93 25 -20 -85 -52 9 -53 -85 60 -69 13 -47 65 -54 -24 79 -96 33 -83 -95 -59 20 14 73 36 -91 96 -34 5 -12 -85 57 58 65 -22 -67 7 1 17 -71 -23 68 34 -77 -18 12 22 7 94 7 63 94 -67 -27 -33 -64 35 -62 -34 62 23 -79 -38 98 -33 -7 -34 92 -60 -79 -11 -79 -22 21 -27 16 43 -4 8 84 -75 11 -60 87 -100 62
87 -35 -65 -29 -24 -61 -14 -94 52 -12 24 -65 -47 -32 -16 -76 -19 -41 62 8 92 -54 -70 -72 93 -9 -86 -84 -25 -15 64 40 -18 47 95 44 37 31 63 39 -99 72 -73 58 -20 29 -91 50 44 66 69 22 20 -32 -92 96 -85 95 39 -25 35 -93 69 -19 -34 -49 -15 27 -42 -6 12 70 88 -7 -63 10 -25 -92 84 98 83 -86 -79 -39 -59 -94 32 55 37 100 -2 11 -71 48 -67 -41 -11 -38 87 98
-3 -73 24 -98 94 77 73 -99 96 7 40 3 -77 56 65 -84 2 79 -30 77 -32 -68 91 -87 98 39 30 21 76 -98 -88 49 66 -7 74 -2 1 33 52 34 2 -94 -56 -21 2 74 -5 54 87 2 93 -43 59 -99 -3 93 -69 -12 -29 5 -75 -61 11 97 52 -42 -34 -81 62 -16 -36 -69 -44 96 -43 44 -34 53 2 -39 -39 -14 74 -61 8 -91 -71 -77 -58 -79 100 -72 83 -25 -17 72 -4 -63 22 -36
-56 -84 76 47 -82 -8 12 -8 50 81 16 -64 -13 37 85 42 -19 -18 14 21 -9 -99 -99 63 -87 -62 -85 -47 -31 46 39 -24 92 37 -32 -52 20 -91 -19 -23 -29 -83 -97 -36 -49 -52 94 -20 80 76 -56 -86 54 81 -7 -75 -91 -45 40 44 -69 49 52 73 34 54 -70 83 -94 -86 -47 33 -76 -16 -28 -95 -54 61 -49 -99 -92 92 4 22 31 81 -14 78 80 19 -48 4 -56 93 97 -93 45 -11 -48 -46
14 76 -96 -32 25 -70 58 -46 -22 20 -21 72 -61 83 40 -52 35 -10 87 -49 -47 14 16 39 41 -60 63 -82 65 30 -38 0 -94 -84 18 -2 4 3 31 -9 -70 44 70 -5 85 -35 37 35 -20 9 7 55 -66 -22 -13 11 26 -43 24 34 -22 42 -43 -7 -44 -96 -40 99 27 28 1 -81 61 -63 -33 73 -69 26 78 56 71 79 87 -91 99 -66 -64 88 -47 38 79 37 20 -65 -74 -15 -26 -84 57 80
83 64 61 -4 88 -64 -76 98 39 -94 23 -86 -79 -57 56 28 20 -56 13 52 87 77 89 83 -25 -39 12 87 22 -47 -9 -98 40 -76 -100 78 61 91 -57 91 71 -32 46 -67 6 26 -20 -82 17 98 8 -53 47 -7 -86 8 -58 24 95 17 -16 -11 67 -61 64 -59 -89 34 -16 -63 24 -52 10 -47 -79 26 -78 4 -6 -100 44 50 83 -75 65 90 23 -46 -53 40 -67 72 80 35 16 18 3 -47 -28 47
62 -99 -68 86 -65 67 79 40 52 40 74 54 -50 42 49 90 97 -62 25 89 -5 -9 -10 -79 30 96 53 53 -26 15 -91 61 56 -79 65 -48 -38 11 -37 -86 -46 43 29 -44 -79 92 87 -95 -68 -51 69 -31 35 -31 -61 -1 1 89 3 99 40 4 38 81 54 54 -22 -50 51 -91 -28 -46 -86 -97 -23 85 -52 -15 3 -45 -13 62 35 16 45 -30 21 -58 23 52 5 37 -3 98 1 15 25 -88 15 -26
-70 -75 -34 -47 -62 -25 59 41 62 36 -84 32 99 -83 -39 55 21 -46 73 -5 90 -11 54 -40 32 2 51 5 -14 -2 7 16 10 44 13 -3 15 -5 26 -53 71 11 11 51 42 53 -55 -29 -12 58 -9 16 -68 71 67 -53 76 51 13 6 -26 -27 -11 -66 -96 40 80 25 72 91 10 45 -3 -54 -14 16 35 33 -8 -43 -78 -22 75 -19 32 8 92 68 -88 -80 -20 21 -27 -35 -80 65 -78 54 -17 44
15 -41 28 -26 30 -81 50 31 47 -25 45 -16 -75 -47 -93 45 -82 82 -85 50 -41 -13 -7 -100 6 82 -5 -47 -97 8 -72 -61 23 26 -89 28 91 100 68 -51 70 77 40 3 -82 15 -42 79 -84 -65 -1 -93 -100 -74 -80 45 -72 24 68 -46 82 -51 52 41 6 0 -50 -95 -89 -36 28 71 -13 87 47 -55 -95 15 -87 -15 -7 -37 10 -86 -48 73 51 -49 51 -30 82 -74 54 -86 -11 -62 12 11 -4 -5
38 -42 -42 44 14 19 33 96 18 -49 -70 99 -60 -4 -93 -33 -24 35 38 65 34 -47 3 46 45 -22 24 -34 41 87 8 6 -93 -19 -55 -79 -67 60 -41 -64 32 62 92 82 15 -20 -93 -38 78 60 18 90 -72 -25 9 98 10 41 67 -79 64 5 -56 32 79 20 60 16 43 -70 61 34 63 66 39 -94 36 -100 75 -30 -52 -1 -74 -87 4 67 -69 2 -87 -72 25 72 -18 -83 -41 88 -13 -86 76 85
54 -94 67 -51 32 -16 -25 96 -10 -84 -98 32 43 -23 -22 -100 -65 65 -16 -12 7 21 21 23 10 26 -41 -50 -22 -35 7 59 76 52 -21 -77 26 -90 -94 4 82 -100 -29 12 7 94 98 47 -100 -31 52 5 -95 3 -80 52 75 -48 1 51 87 -34 89 -62 -37 -98 -80 66 31 -83 -72 -96 -48 -27 -57 51 55 -83 64 -76 -59 -86 79 7 24 5 100 96 58 44 -69 22 75 -100 31 51 60 -85 -49 -18
43 60 -29 -51 47 -46 -86 -83 -17 2 -29 29 57 44 -76 -58 -23 -82 -74 -55 67 65 77 -7 -67 22 14 -65 20 100 79 12 -98 89 -100 73 -100 -36 26 -96 -15 42 60 -55 -53 83 -74 83 -67 56 -21 -17 46 31 -54 -93 -13 -9 -39 -99 -71 50 89 70 -47 -7 -51 -54 -3 -56 67 37 64 -64 -43 27 -66 -94 4 -83 -29 16 67 -5 -31 -46 39 -96 -12 43 -18 53 38 12 -69 -100 59 43 -21 76
-11 100 8 -78 30 32 69 -27 -9 -72 -7 -62 15 -80 86 7 100 -21 53 90 90 79 14 -18 -94 56 -56 -15 94 -34 -8 -86 -91 90 -2 -26 15 -59 73 85 84 -1 -5 36 -43 94 -95 -62 97 11 60 -76 -82 -1 -91 -36 -59 58 32 46 54 -44 65 -49 -89 -22 -75 -67 37 19 61 -89 -61 -36 85 -93 -52 87 -4 -50 -35 -60 -58 -80 -74 -37 -1 -98 30 77 -11 -36 98 -81 49 79 -69 -2 -82 82
21 65 -40 -46 -49 -44 -59 -83 -13 11 -14 17 -18 -18 -53 14 77 -59 -35 35 -83 -64 65 -94 15 -18 -29 9 -80 -94 61 -58 61 22 -97 -3 77 57 61 -95 -68 -50 1 -13 -12 -67 -16 -99 31 -85 30 -47 49 -84 -14 -96 70 -84 -59 -21 -38 25 0 63 82 -16 89 82 -53 40 42 16 -13 -72 -94 -43 -57 4 -62 18 91 -58 -97 43 -41 21 16 -91 -97 -72 30 -61 71 -85 23 18 -11 -84 30 78
-92 97 56 23 -73 77 31 -60 66 65 -85 -88 14 -69 2 -11 -45 -77 90 75 3 -98 18 -87 49 99 58 -72 30 70 -94 32 72 90 27 0 25 -100 10 96 23 -38 -62 -98 -77 -84 -80 97 91 -67 -65 -53 -51 42 -69 6 -66 -9 10 -30 8 61 8 -77 -47 74 17 77 -54 77 -98 -88 -39 -54 -20 44 67 -14 -39 1 88 15 9 -5 -4 79 58 16 -55 -9 -73 -6 -13 -17 61 59 99 29 -70 84
-15 -36 72 -33 96 -27 57 44 54 84 98 98 -79 -11 -93 -10 -4 94 -31 -74 -90 87 65 -57 87 57 -57 39 -36 -49 56 70 100 65 -15 22 -95 67 28 77 -1 67 56 48 -23 -98 -2 -52 58 87 87 -78 -62 17 -32 66 71 -1 86 33 74 -15 -54 -78 83 -45 71 -92 0 -46 -80 75 -96 -70 20 -51 20 -12 -59 -20 -69 -10 16 -66 49 85 15 92 -76 25 -60 -81 29 -11 -37 -31 -79 30 15 -23
-84 75 -59 -84 46 -59 -91 86 -69 57 6 -40 -2 91 -37 -83 27 -89 -67 49 50 14 -15 97 -24 -83 -1 -84 18 63 -60 33 98 34 -1 -32 -57 -81 93 -21 -81 -68 -97 41 -87 77 -58 15 6 -64 30 -48 44 73 13 4 0 -65 -71 -73 26 -62 47 -87 -19 -77 45 -1 18 -77 -44 -80 -8 -21 -100 -22 -25 10 -68 -25 56 21 -31 23 -44 19 18 66 -29 39 82 45 29 2 -15 88 -28 19 -29 12
-72 6 64 -18 34 -6 -23 -60 -94 36 93 69 -35 24 -2 80 70 -68 -90 -42 72 -20 4 46 63 -72 54 -58 38 -35 -19 20 -86 -82 -47 -65 -67 29 -6 -54 -88 92 42 72 -33 34 44 63 -26 9 46 -91 35 19 -15 98 87 9 -20 -22 -88 -36 -100 66 -71 -25 20 18 87 21 -87 -94 -16 73 50 -88 84 -23 -94 6 43 -3 -16 73 -5 -39 73 1 33 71 -71 -77 -89 100 -14 -58 65 68 -43 60
-46 -88 43 -65 20 -60 9 -31 55 88 -96 67 21 67 64 96 -80 56 -3 -58 -28 80 9 79 23 56 81 -63 -47 -80 -79 58 -70 -41 86 21 10 2 46 -17 30 22 57 28 -32 -34 49 78 -17 -42 58 4 -48 -9 -98 -83 90 -87 -76 -72 -86 90 7 88 10 38 -9 -15 8 58 6 -42 -40 83 -68 91 -56 -57 -27 -61 -75 24 -98 -50 25 51 44 18 -27 -22 -93 -71 88 -33 -100 -22 8 94 89 -41
-62 -4 48 -89 54 43 -47 47 -99 -74 -85 -49 23 -86 -72 -10 -7 -73 10 69 -51 -60 36 -24 -47 16 -100 76 95 65 -36 -5 -33 40 78 71 65 -99 54 100 -98 40 44 44 -61 36 100 95 77 59 1 -78 -13 95 54 -32 29 71 -91 17 -99 -38 96 -31 -89 -86 50 67 55 65 25 77 -94 -61 -74 35 19 65 24 -48 8 36 10 -6 3 39 -34 -94 -79 -13 -15 41 -25 46 29 -65 -73 -54 -12 -27
-13 66 -28 11 16 -39 38 57 11 -95 95 -96 -24 -68 50 -13 38 20 1 -26 79 28 -27 96 60 -1 -49 47 70 -71 10 96 57 19 26 39 15 94 -11 73 25 55 -24 -64 -69 65 -100 77 24 8 -26 -16 -80 46 48 72 -16 100 47 -11 35 -33 -66 -60 88 -96 56 18 73 -10 -51 -4 -39 -48 20 80 -22 -75 -2 100 66 -45 -41 -13 78 20 -5 66 -26 -5 -77 -21 84 -41 4 58 -18 71 -99 -70
69 38 -18 14 -38 -25 -97 -72 -61 44 -19 -78 2 49 -72 99 -8 52 -48 25 5 -61 -21 71 -1 -11 -70 -16 0 47 62 -80 -34 -89 71 -17 -7 42 -95 81 78 -78 -77 -81 67 28 3 -38 -92 66 -38 8 -64 3 -75 3 3 -91 -17 -51 -29 -81 -58 -32 20 60 -3 33 20 91 33 31 -33 40 71 -49 -72 -26 41 39 -53 29 24 46 22 -11 -54 77 -84 -54 10 -2 6 -28 -53 13 91 -96 -29 -40
-9 -20 -35 53 -8 67 -21 -14 28 88 -17 -92 20 6 46 52 41 -29 55 -23 -78 40 5 47 -69 91 50 70 94 -48 -100 -44 -35 75 -46 -33 71 -57 -46 -91 38 -45 35 25 -60 55 22 21 -68 27 -38 11 -45 -14 78 -6 -13 80 -14 55 57 -28 59 20 6 64 88 -81 71 -9 -100 27 -80 -89 -28 -47 -13 69 -64 21 -12 6 33 22 -25 11 23 7 55 92 38 -55 -100 7 90 -54 -22 70 57 66
-99 -73 -12 -86 85 18 -84 64 -3 -89 -19 -91 12 8 90 -5 -60 -57 30 4 -9 -88 96 44 96 90 -13 -66 -87 -91 -27 -98 -69 -50 -66 49 -64 -23 43 -51 -71 -39 -52 7 -12 -15 -67 -78 -48 34 7 -91 16 -74 77 -23 73 -69 73 26 62 4 6 -64 23 -72 -63 -13 -2 -82 -18 -26 -79 65 59 -30 -31 36 27 92 -39 -100 -90 -30 5 6 62 -36 -40 94 11 27 -92 26 38 7 69 19 80 11
-81 95 -74 -22 -61 55 -4 -31 96 64 -85 -38 36 49 -14 -95 -50 -63 95 79 12 -91 -53 -23 57 -11 2 -37 -90 13 -25 -98 -17 0 15 17 17 7 49 -42 32 -60 83 -10 -71 81 9 -36 -14 44 62 7 -52 -40 38 -3 -83 -53 -51 47 51 47 52 -66 -10 87 97 80 -22 -19 -51 -11 -3 -30 85 -93 -3 -85 30 -70 2 100 7 39 -36 64 43 51 -8 -81 71 -22 28 26 -14 17 8 -46 82 53
37 -55 -35 -37 69 -65 22 -1 -66 1 96 -92 -15 63 -15 -34 94 -66 49 -82 66 16 -90 91 58 -93 -49 -18 -11 -11 -15 -95 -40 75 37 49 -30 -94 32 55 -65 -97 -1 -75 89 57 66 -3 -21 -37 -12 -2 84 -39 -59 -75 -71 24 -70 71 36 40 -93 -56 45 24 26 -1 45 96 -65 -22 97 -86 -43 80 -73 94 63 42 -37 -77 -97 10 35 -97 74 -66 15 49 61 -33 63 -18 -94 57 82 26 -17 63
70 -63 87 -95 63 -87 35 -90 -48 73 100 94 -59 94 25 69 21 30 -47 73 -45 -56 -80 -20 24 84 94 0 -58 6 83 -67 23 -43 -10 -23 6 46 -16 56 23 38 29 -80 -85 44 -76 -15 66 -68 -71 -59 67 -96 -84 10 -59 18 -12 -32 -93 -90 -49 12 79 59 -36 -49 -84 23 -16 -41 37 -32 -26 -80 -88 -97 -48 57 -80 46 -50 -48 92 15 33 56 -99 -15 -63 98 -36 13 -88 28 -20 18 39 20
-58 4 -61 -99 -15 45 36 35 -83 -95 28 77 -51 -45 62 31 -58 -76 -32 15 26 -16 68 62 52 -30 52 42 99 48 -22 -53 74 -66 -71 -42 89 67 81 -58 -94 45 -36 -31 -18 -74 84 -34 -90 60 51 -88 -37 20 -78 41 -88 -95 93 88 -93 -4 100 -68 22 87 35 35 31 16 -72 -10 52 -7 -98 31 81 65 -84 -20 69 -49 53 -72 -40 58 -70 43 74 16 -91 -87 44 -71 -100 -35 -82 -67 -33 -18
-54 78 21 -57 6 -27 -47 -45 22 -72 64 -17 -85 86 -44 -90 34 -95 30 -56 -11 93 -31 -82 -77 -5 -9 -93 95 42 32 42 -12 -31 21 72 47 47 -46 -16 -3 3 0 -59 50 28 47 -49 3 -98 5 39 24 25 -14 -95 76 -85 -30 -94 -4 50 -16 -14 72 -70 40 -63 -84 -46 -81 -79 31 9 -46 74 75 30 -51 35 -86 9 47 54 -58 -84 -61 55 56 24 97 96 85 17 -57 -72 31 0 6 -53
30 -64 73 70 -49 -19 82 -33 36 5 -38 -70 -5 24 98 90 67 -91 -70 -68 34 44 87 9 -32 44 68 -57 -81 -53 -95 10 -5 -53 -94 46 -83 -45 85 -50 -7 -66 -98 39 -87 67 20 53 -84 -39 62 61 56 -56 94 84 38 -44 -51 -40 -12 -41 -78 58 44 60 -79 -43 -92 31 -95 27 -35 -21 40 43 81 -42 -21 -74 1 -30 -24 -28 -58 -42 78 -18 -76 19 -1 -92 66 -38 31 -8 96 24 -2 -94
7 18 11 32 42 75 55 1 8 28 47 1 27 -32 56 -11 79 69 28 -64 -84 -14 99 11 -93 2 -59 12 -35 93 81 -26 -81 -66 -30 -79 -23 53 8 35 3 21 -37 -38 -61 -46 73 18 75 -59 -38 11 -84 24 -30 -86 -25 100 46 100 43 15 -88 60 -44 69 24 56 -1 81 -13 -99 -65 -45 -34 74 16 -72 -9 -100 -72 74 61 1 -72 75 52 -42 72 -42 26 -79 -52 -81 -94 -71 20 30 -43 26
-15 -89 -82 76 -85 7 -47 -9 -33 9 -28 -88 -94 26 -48 -7 73 -69 -26 -27 42 99 28 -62 -49 83 -99 -17 -2 -54 47 -75 -58 -62 56 56 29 65 -6 -51 -71 94 -45 74 92 -25 -78 -37 66 24 -6 -46 -20 35 44 -74 -20 -61 71 -21 96 85 -57 22 -35 -63 -37 87 2 20 -52 89 -15 10 8 69 26 57 59 -60 47 82 0 9 57 32 -97 -60 45 43 -44 -89 -4 -77 42 21 -66 30 74 41
-58 -85 100 -76 83 78 -72 12 -27 -54 87 93 64 27 63 22 3 -51 27 57 -44 -86 -6 -12 -17 25 -63 61 -43 -17 -66 29 -87 -36 30 55 -77 34 83 -47 -30 -18 -5 -97 14 -23 9 -7 1 -6 97 -15 96 50 -58 -14 -79 95 -98 -88 -28 -32 7 3 11 -99 -34 -18 79 -25 43 73 -1 -9 -75 57 -30 -15 -76 -11 -91 61 36 -58 -38 64 20 -20 -70 -45 -60 -62 21 -49 32 6 43 -26 81 -30
95 -26 -89 56 97 -27 55 88 -52 -85 -98 46 17 74 33 -1 -33 -4 -83 86 42 50 -19 -71 -87 20 -12 56 -11 -34 -10 100 60 61 -73 20 44 10 -56 9 3 18 78 -82 -6 50 -99 -14 39 65 -3 76 -48 61 -29 99 80 -70 98 -56 -34 -70 18 -11 17 -42 58 -41 -78 -37 -73 11 67 -38 98 -69 33 76 34 -3 -40 18 55 17 60 10 -83 83 -29 -93 -98 92 -88 79 -48 -80 -58 -64 76 -88
32 -18 0 -49 16 61 34 31 34 -28 32 -68 83 19 88 70 -65 78 61 -28 -14 61 -38 80 84 -7 -10 9 70 38 -10 -67 -81 12 -20 -24 63 36 64 -72 95 75 -53 -72 24 -47 -76 66 -65 -4 45 34 36 -71 64 38 27 92 46 2 63 -69 -24 21 96 24 -89 23 -40 48 -67 49 15 -32 -31 -36 -48 9 -39 54 -21 -88 22 5 -44 -75 71 91 0 -76 10 100 -61 -47 -78 68 68 -34 -29 39
-89 52 -43 74 -47 -99 69 -50 -2 -8 87 -82 -20 -24 56 -18 -81 -58 71 21 -71 50 -66 -20 72 -68 86 41 -29 89 -35 -44 91 -62 -54 -82 -89 -5 -82 -39 81 -16 53 67 8 97 93 24 7 8 -20 16 -2 20 -54 -7 82 1 -17 66 -24 -86 -54 78 16 1 -25 -60 54 -7 -57 -28 -65 -20 -35 -70 -56 30 -77 -1 -67 -100 100 85 -48 59 91 18 -98 20 8 -85 -37 61 -96 -50 -34 -78 -71 38
23 -86 -90 -32 -54 4 -48 -53 70 47 87 58 71 43 92 70 -17 -75 -83 -26 60 54 14 74 -93 -47 36 45 25 34 5 63 57 45 -4 3 -72 -47 -98 -94 -92 27 71 14 98 -78 -87 99 -81 -80 -98 82 -45 -44 72 -74 -76 73 17 -47 -7 -18 42 12 -41 -72 61 41 36 67 90 -9 71 17 38 -83 79 -19 55 91 -71 -50 24 56 -30 8 -31 -74 -50 59 -73 -60 -15 -20 -12 -50 -4 3 -20 -38
38 9 58 -20 91 -2 -30 100 15 64 -100 -32 -86 -77 -3 -67 0 12 -52 -34 -44 -98 -6 -34 91 -37 18 5 -78 43 -96 -75 77 87 -2 33 0 -11 66 6 96 -87 -50 69 -3 69 -6 -90 62 -80 -55 52 -85 -17 -19 -9 -26 -54 -58 -54 -38 66 4 71 32 -3 50 86 -16 70 -27 -96 -68 -19 -70 -73 64 25 17 55 -78 74 57 21 8 -63 -82 16 -91 76 -74 -56 47 60 -40 57 42 29 68 72
77 -73 8 9 -70 48 23 -36 -83 79 4 -17 21 46 58 21 42 -35 -42 -4 78 53 100 -100 -16 1 -84 63 13 74 6 33 11 -6 81 -63 14 -46 -39 -49 20 26 -97 -41 94 100 39 42 55 40 -10 48 -57 26 -66 -5 -1 16 84 -20 -88 -48 49 -72 36 -3 84 83 19 -39 51 11 -55 59 -65 -60 -64 -94 -90 62 65 68 -83 -64 47 -30 91 52 45 -76 -46 85 -60 94 25 30 -26 -79 -47 -49
-52 -25 73 -80 15 89 36 25 -80 -97 -83 91 -87 -58 35 33 56 4 -47 -58 -89 -91 -95 24 89 -93 50 42 -94 -83 29 81 99 -75 25 -47 -78 -92 69 0 50 15 -89 -49 6 -45 61 -69 -57 -51 -40 -94 80 6 -48 77 -25 -45 96 47 41 21 -87 -51 28 58 -68 -18 -11 -97 -81 -64 -12 -29 96 -97 -21 -37 -97 -61 -25 16 -67 29 -1 -6 59 -51 -76 5 71 -81 -95 -98 -29 -63 -100 -64 -21 99
28 -96 -83 85 -81 -80 -63 100 -69 -72 45 46 -4 -49 89 -90 -55 48 -96 -83 -63 -81 81 -17 25 -15 -22 32 -19 66 -45 -67 20 -31 87 45 20 41 -44 -42 -99 42 -1 -44 32 -44 -41 -46 -30 63 94 34 -40 -65 30 -57 -5 34 -1 -22 64 58 46 54 36 -12 -70 -93 31 92 32 -64 -74 88 18 -49 42 19 83 -94 -93 20 92 45 -9 -3 -29 -67 -91 -94 -3 -90 -66 76 46 0 -81 5 -88 37
-94 -68 -80 -44 -58 -1 91 20 53 90 25 62 55 61 -34 -10 59 73 -98 -57 -68 17 78 92 44 -3 73 99 7 -62 61 -33 52 -1 -28 -64 -79 -41 -35 -82 -14 11 -72 -31 -6 84 -35 51 65 -9 -67 29 79 -20 -69 23 14 91 -84 30 90 -52 45 -38 -20 -28 55 73 -58 87 56 6 1 16 -92 -60 -96 65 52 -71 -29 83 -16 -37 53 92 92 46 67 14 50 -50 -27 -13 16 100 -98 -63 66 74
-74 -71 -86 80 95 -37 7 53 44 93 -41 -36 69 96 38 -41 -2 23 7 -53 -65 -92 51 92 51 -97 83 -65 70 89 6 -88 41 -17 73 8 -97 -16 90 65 25 -99 63 -35 52 -64 -12 28 -74 -5 -72 -27 77 20 12 -54 -19 72 42 -90 -29 -8 30 15 27 -30 88 74 48 55 0 -97 -4 -92 94 -65 -80 -49 -70 -92 -1 98 -62 31 37 75 -20 -24 30 -31 75 69 45 56 74 17 7 99 53 -67
-49 44 -45 5 -62 -16 -2 53 6 45 -18 -34 -100 1 38 44 72 -93 58 27 56 75 98 -47 -83 23 -60 -69 2 74 61 -18 96 -6 43 -39 -74 -11 7 -10 58 45 56 -58 -92 36 -5 99 55 85 79 -83 -55 -69 -40 39 -25 66 96 -41 -34 31 44 -71 60 100 -5 -80 -74 -36 -33 88 82 33 -18 -30 2 50 27 -58 -63 -27 -67 -65 77 77 4 23 16 -89 96 -4 -72 -85 21 -43 -29 98 -86 78
23 -66 -64 20 -46 67 -8 17 -54 29 66 -58 -14 -39 -65 10 73 -24 -17 -25 -91 -51 56 21 -100 60 -46 91 51 16 -99 83 51 -25 12 -80 1 -63 -39 14 89 -88 71 75 38 92 36 -58 -27 -24 19 -79 29 -68 -98 3 -23 -73 10 19 -70 72 53 -39 89 77 40 -76 -84 -4 -41 81 -71 -38 -44 -33 1 57 66 -33 -48 -13 18 92 31 -90 -22 -25 51 67 -63 -6 65 40 65 39 -32 75 -1 -100
-52 79 26 51 60 54 40 66 80 46 -67 28 30 70 79 -96 25 -42 -45 30 38 72 -47 -87 0 -80 53 -82 -85 84 -51 -39 -44 100 61 24 24 -65 -94 46 1 -51 -85 7 80 6 34 -26 -69 16 19 -17 -30 77 -73 12 57 93 45 91 11 40 -95 43 -58 93 -12 -51 46 41 -42 -42 50 -4 -96 88 -78 11 -94 82 31 25 89 -64 82 -99 53 -86 -33 -100 -11 96 -90 2 -95 77 17 -87 80 25
55 97 32 -38 43 -2 45 -61 -71 40 -35 -75 -14 59 -10 -94 14 -64 -81 -59 -69 30 97 -84 65 -14 49 79 96 -69 -90 -65 -25 25 10 42 -9 -75 76 -28 7 71 33 -54 44 1 43 -68 -55 -29 26 -61 84 36 55 46 -61 -9 -28 38 -55 98 99 -64 -8 82 72 -67 -74 -2 91 42 62 82 -70 45 -10 58 -77 -93 12 -39 53 -9 100 21 64 -31 16 90 24 72 80 -40 36 55 15 22 -51 61
24 -20 58 68 -10 0 57 -93 -9 32 44 76 92 100 -32 88 47 90 -28 -47 9 73 0 -6 6 30 96 -66 60 95 -9 -30 -16 11 -89 98 40 -33 12 43 -17 46 46 -96 4 49 -84 -35 100 93 83 67 14 2 57 75 -41 -33 -98 -51 67 72 56 10 -65 -16 -52 94 -94 -61 -70 6 -20 65 67 78 83 59 -40 -74 -52 -36 -80 49 35 -58 -9 19 -37 72 31 -56 66 31 70 30 74 -45 71 -53
-53 -90 5 64 -72 14 36 62 92 -98 87 -44 15 -63 81 -53 30 -67 32 -92 5 -44 56 -17 -88 94 -72 -33 14 20 66 15 -23 93 95 -88 15 -12 -68 -98 82 -12 -87 -17 -48 50 4 -58 -1 -49 88 13 -40 6 22 -11 -47 4 85 83 87 24 -70 30 -55 84 34 -25 -43 -27 -92 -49 92 -34 96 57 -49 47 60 0 -80 -40 4 -80 62 -41 49 4 -99 -32 100 -39 -24 85 55 -82 -52 14 -74 -76
14 40 47 -61 -80 -95 -15 -8 -70 53 -74 30 86 37 -36 -50 46 19 2 98 -46 -19 62 8 -63 -54 53 -77 39 -38 77 24 -12 19 1 -36 -17 -63 39 -14 17 40 -33 -16 -94 -36 -29 -14 -60 69 -11 -33 -25 27 84 -78 36 4 -69 -74 23 23 -92 71 84 -56 -86 -88 71 -75 24 51 36 -3 96 -27 63 47 -13 -51 -32 -31 10 5 -23 59 60 -80 42 -67 36 46 -86 -31 46 -54 -90 -44 38 73
-49 12 81 46 -93 -30 69 -94 -62 -96 -79 -65 50 9 -29 -93 70 -2 64 -33 18 40 58 -64 -91 22 96 -5 -61 10 49 31 28 -17 -12 83 -52 78 63 -27 73 -42 60 58 -71 -75 32 -41 25 -62 -56 33 10 -58 11 61 -28 41 -34 -4 57 28 -14 6 -14 34 89 -25 96 2 -56 -46 24 -83 -43 -91 58 -11 -15 -58 4 59 -44 100 -70 -91 -83 73 18 15 -26 79 -41 -33 -8 -90 43 -54 -31 29
-5 74 -85 32 55 12 89 85 43 46 15 -12 23 61 -24 54 -46 -7 47 -67 31 29 -28 -39 27 70 11 -63 41 -2 -70 98 -71 14 -77 66 28 95 -52 70 5 -68 -29 -68 -66 35 -18 -56 -73 31 73 78 -94 -14 -35 -57 -52 29 71 39 -8 -1 -95 47 50 60 -75 11 23 17 -82 10 71 40 -99 -38 -31 -66 42 23 23 10 -63 7 -44 70 -37 49 11 -21 30 98 -6 78 63 9 58 46 -96 1
14 -72 35 54 42 90 -77 -62 32 7 -64 -87 68 -23 -27 2 8 -36 62 79 -27 78 -13 62 -17 -83 -43 18 100 -10 -26 -67 88 11 -100 -64 93 30 70 28 -34 21 -9 94 -89 -30 -36 54 66 -1 -17 7 47 59 -53 61 -2 -67 22 61 24 27 -41 -20 -19 78 -46 -28 83 24 96 80 -23 78 40 69 -52 45 76 -91 47 -28 -47 -14 95 -97 70 -33 -83 -34 -10 -90 -65 22 12 -85 15 59 36 86
67 -29 46 -11 53 83 -1 -40 -94 76 -64 -44 76 22 -90 -98 74 84 -66 54 -13 -75 -94 56 -80 -51 -63 -1 -47 68 -40 -20 -84 -40 10 78 -52 -47 -93 83 71 54 -53 -2 -89 -39 -73 -70 -2 95 -83 -37 -18 -71 57 47 -99 62 -40 -2 -35 27 93 38 -71 33 86 0 -43 -26 -64 6 -89 -5 44 56 68 2 89 -13 -3 -81 -65 77 50 19 43 41 76 -53 -65 -86 45 37 -70 16 55 -43 4 64
-67 -6 43 82 65 8 93 14 -83 -10 79 -73 69 -53 -13 85 62 74 74 -14 8 -57 95 68 -44 4 28 48 -84 3 33 96 73 -58 -7 -34 96 -64 -81 37 66 46 47 6 5 -9 53 -7 -35 -40 -52 -59 -52 78 8 -75 -40 64 -10 39 -64 -42 -79 -5 -67 -49 18 -67 -62 -62 -19 51 51 51 -59 -56 93 89 61 3 -54 -95 -43 34 100 84 -7 66 -71 -1 95 -58 62 12 -38 22 69 99 -57 -59
93 64 -31 -46 79 -43 34 71 3 73 -92 99 80 62 -12 93 39 36 84 69 62 -11 -90 -33 88 -52 27 -18 -98 30 -50 -7 93 -9 25 50 -14 -52 -52 -98 67 27 43 59 77 -32 8 -52 0 -53 47 -15 -59 -4 -78 10 -20 -100 -60 25 -1 10 50 -37 -70 -100 28 -44 -51 -74 65 38 58 90 -53 -59 19 -85 -20 -36 -89 100 51 -8 -17 29 9 -10 -35 83 21 22 -25 -37 90 64 62 81 34 48
-66 -67 15 -97 -46 4 -88 62 -67 34 82 39 4 44 -22 -45 64 86 -3 51 -57 -11 31 15 -17 99 100 45 -90 29 -42 -12 100 -55 96 96 -60 -56 56 40 66 -3 -44 -2 -45 -69 -8 -24 80 20 81 -98 -13 -17 74 -21 65 44 83 38 76 36 -82 -95 64 -72 -23 -16 11 -84 13 84 -10 -23 -93 -36 17 -84 -79 9 32 -82 -1 91 -43 7 60 2 45 -9 -81 78 -16 67 -100 -88 5 90 -57 -92
-88 -61 3 -85 70 38 -54 79 37 -35 -79 -11 -8 68 -5 56 -91 79 -8 -93 -16 52 -47 34 32 -50 -30 -62 -62 77 -44 21 73 83 31 49 -56 46 -48 -94 -79 15 72 -49 12 -3 -55 -61 -49 43 85 -100 76 -79 60 -56 -4 -6 91 -17 6 76 25 -31 31 80 18 -89 -62 75 13 -37 -25 70 30 -21 51 38 24 84 -64 -96 66 -79 -68 76 88 88 67 9 31 65 -83 -35 -7 -35 -5 47 19 94
35 -59 -18 87 42 65 45 -54 42 -99 60 -42 -70 -12 43 37 -99 -66 63 -58 -97 -27 -9 88 -35 -48 -72 -38 -6 -100 47 -44 33 -21 -26 -75 65 -71 65 -8 57 55 1 -59 94 -35 16 38 21 -74 -95 -45 -39 -30 -73 21 -9 -60 -83 -74 90 -86 -35 82 33 -97 81 58 -61 19 -92 36 4 27 -29 24 -12 45 -28 -88 54 -37 85 3 -1 -41 74 -48 -30 -17 -62 -84 89 -37 8 -72 -35 -7 64 45
29 89 -64 -80 78 -97 -59 31 -30 -42 -100 -45 47 1 -29 95 -24 60 -85 33 -98 -64 63 -43 -98 79 12 11 -94 22 -26 -5 -76 5 -7 -79 -78 -12 85 -85 -45 62 71 95 41 93 -74 -52 -45 29 22 -73 -12 98 -95 12 10 95 -91 30 56 -46 79 -87 -4 75 -10 55 -14 -100 -63 77 94 2 93 -58 -29 -100 8 -49 -59 99 -40 -44 -61 81 -67 -100 86 -54 -71 -69 -98 -74 -4 94 56 -68 97 -43
87 -44 40 82 98 -55 -76 -23 40 -74 92 -58 -9 -11 82 75 5 -28 90 -38 36 -57 -10 -39 14 -85 44 56 -6 -17 -92 -96 54 -19 0 58 13 44 74 14 -54 97 -8 17 -9 88 -46 -84 43 1 -73 -75 -52 -65 -98 9 -94 82 25 92 24 -42 42 81 1 74 -19 14 37 -92 92 8 76 29 46 34 99 20 41 66 1 -7 -12 -80 30 26 89 97 -94 -63 49 40 -34 82 77 -79 42 33 83 -70
92 -57 58 -71 47 6 -64 -42 63 10 -12 -75 95 -92 -41 -5 82 87 -71 1 -9 80 -21 16 87 -95 81 97 98 21 85 -65 88 25 97 65 -89 59 -39 -83 -53 -72 -56 43 -90 -78 38 -33 89 -93 53 31 1 74 68 -4 83 -57 -32 -81 87 15 84 -82 37 -86 -87 -37 49 3 87 33 66 90 -78 -93 -98 99 -49 45 24 98 83 -15 -59 78 22 24 13 83 34 -24 58 -63 49 -10 -3 -74 -80 86
83 -83 18 68 -10 97 45 -92 -93 -9 -11 -28 -85 63 -3 -59 64 -35 -87 66 -12 -72 -26 9 43 62 94 -17 50 40 87 10 -86 -36 80 -95 100 -47 -21 93 -21 46 -94 36 21 -63 -81 -70 -49 -56 -31 -41 53 52 88 -72 -78 -58 -74 21 60 -81 40 98 -69 -4 31 -10 -61 84 29 55 13 51 89 75 -84 84 66 17 94 71 85 -77 -87 24 -9 -68 95 -80 83 -1 -39 48 -96 99 -82 73 44 95
100 -52 44 -28 7 20 -69 20 -16 9 -66 -69 22 -63 -46 82 -18 42 68 6 64 -94 17 61 -16 19 18 75 37 46 86 -50 53 54 49 -76 36 -8 -58 -92 -58 -82 84 11 90 -15 -19 7 48 -78 10 -8 -58 -84 -85 34 61 -66 26 -66 -30 40 93 -62 48 37 58 33 -47 7 -20 -41 -58 -27 29 -78 68 -52 52 52 0 45 -58 -79 -37 -88 -41 -30 -13 -87 -9 63 -64 66 -64 54 90 87 -12 84
-82 -63 36 66 53 90 -23 44 92 -1 86 40 -27 39 98 23 -15 2 69 -77 23 -61 76 92 -72 -8 92 -10 1 -97 -72 -24 -62 69 54 -32 9 57 70 -55 57 40 39 13 83 -74 81 -38 -1 -58 -45 1 -88 61 -31 -23 -23 85 -25 73 57 -37 7 90 83 -81 -20 0 14 -25 -98 9 34 29 -72 20 87 60 32 59 -55 -77 -14 35 1 94 67 -65 24 -68 53 80 12 -77 -38 -34 1 -48 -27 15
-55 -76 36 -16 -35 61 -97 90 -88 19 -90 -88 0 -45 -55 87 52 -64 64 28 -18 -30 2 32 -63 46 -74 -79 -81 37 92 28 40 32 -58 58 10 -42 -22 32 89 -24 76 61 -46 -67 -64 91 13 -21 98 40 -12 -75 -93 -13 13 81 62 -92 -41 87 74 -8 -83 -64 61 59 -47 63 28 -41 -74 49 -7 19 -3 24 98 -8 -76 -43 41 -7 -15 -47 95 -97 0 25 -73 45 91 -54 -33 34 1 -26 82 -61
-27 -65 -31 -73 7 -2 -44 25 8 -53 -25 47 -68 -51 40 36 83 53 -62 -65 96 55 17 -11 -61 -12 -96 23 -54 -42 71 -66 92 75 44 -66 -80 -67 61 -89 -92 -52 -86 60 48 -1 7 -98 -96 -16 61 52 33 -46 7 75 -58 -55 -8 -98 79 70 52 -35 77 -5 91 -43 94 59 -84 -56 -28 86 53 -81 65 13 -8 -9 -6 3 -32 -52 -41 -92 -51 -82 25 97 49 -85 -28 12 54 36 84 44 -97 66
