35 77 91 74 94 -100 -44 -24 -24 -93 8 23 43 97 -72 -17 -97 89 -79 31 -38 -88 20 -82 58 71 67 74 54 -88 69 89 81 -33 45 98 -48 5 81 45 -96 -83 -80 -89 -32 73 -41 91 18 90
-44 15 -97 19 58 5 -23 -78 -18 17 -22 -32 -44 -86 -5 -1 35 51 56 -80 77 89 14 45 -70 38 -61 -2 89 21 -35 46 73 58 29 -45 98 -34 88 -4 -52 -75 -23 -17 -91 73 95 84 73 -81
-27 -17 -23 84 5 36 0 -3 42 58 -63 58 -24 78 -27 -45 35 -90 91 -56 59 37 -90 63 41 -44 63 -56 57 -5 -69 14 41 45 -13 62 -14 36 -69 -88 -26 -47 99 -56 3 -96 -81 36 39 -10
13 8 -32 -61 26 -98 -29 -64 71 -97 68 79 41 61 63 -93 -21 58 -16 -30 34 -88 -62 -21 -97 -5 45 -95 -33 69 -51 96 19 -56 7 -68 -57 40 92 76 -39 -72 -1 -63 6 -88 100 -89 -47 -41
-67 3 -79 -4 22 49 -44 50 -11 -68 -32 -6 50 -86 51 59 -2 -34 -83 -82 94 43 -57 16 61 -35 9 -36 -35 11 -30 -58 -85 -72 -63 -64 -72 -57 42 -25 -75 77 10 -33 -89 95 -60 1 -86 37
-80 -33 10 -82 60 98 89 7 -19 -97 -30 25 -38 47 10 -49 -24 -16 51 -5 91 51 49 -51 62 -2 -76 71 89 -67 49 55 90 -37 -22 -58 58 -7 -52 -55 44 81 60 -47 67 -50 23 -68 -10 -18
-46 -83 -7 62 75 35 56 -45 95 75 -35 -35 -17 -18 -52 35 -83 -89 -55 38 96 -14 -1 -49 -47 55 -99 -49 -100 -57 -17 -34 73 71 88 0 88 81 -59 23 20 80 32 -23 -26 94 -89 -88 -32 36
39 14 -93 -100 17 -29 -35 38 38 -13 76 -50 77 -88 36 -97 -44 -29 -61 -34 11 13 86 63 -82 78 -27 36 7 53 -16 -96 62 -1 -43 -33 -15 -21 -12 -75 71 -69 71 -41 -62 -58 -86 -9 22 -1
-90 -47 -14 68 20 -12 -49 58 -13 -22 -1 44 1 -84 -84 -34 -97 -97 24 5 42 6 -34 -57 53 11 57 61 -5 -99 -63 -69 -100 18 93 -69 -66 -30 73 70 85 38 -33 55 -45 43 -17 42 46 41
-9 -41 72 -81 -60 -39 98 -7 -59 -56 -39 -42 12 9 -19 -97 38 99 -30 67 -63 23 37 -51 3 -74 -50 65 -25 -35 8 60 97 71 32 61 43 -18 70 -49 -52 68 -66 97 83 53 58 56 21 -48
20 65 49 -25 14 -26 57 48 -61 -18 -23 67 -60 -39 -42 -92 71 94 -89 59 -57 -23 -20 41 -64 2 44 -11 30 97 33 18 46 51 -7 51 -80 -17 84 -57 82 44 -17 25 -8 51 7 54 25 57
-1 -44 -34 -48 77 -1 -54 82 -95 -100 16 13 27 -88 -58 41 -94 17 -70 80 82 -42 43 -33 -50 -50 65 52 -52 -18 -62 -28 -84 13 84 46 65 3 69 -91 15 43 -35 -1 -46 25 38 -22 89 37
14 -59 66 -5 -81 -85 -32 -86 67 -18 88 -96 33 -96 -53 44 12 59 18 -16 16 -91 29 -3 34 -24 -21 -93 -69 -58 -21 -87 13 -63 -85 -60 -10 30 -92 -53 29 16 -80 86 53 -94 -4 -90 23 2
68 -32 87 30 1 75 80 -100 -72 68 -36 41 40 -72 96 -74 -41 0 -28 70 -94 -12 -48 90 -41 -62 88 -68 71 40 -7 77 34 78 -63 -77 81 75 32 -21 -29 -85 54 6 67 -43 40 -65 -19 -11
70 -16 18 76 -63 -37 83 -16 -61 34 32 -75 -11 48 31 44 -76 -31 41 35 77 -92 39 46 -16 -48 35 83 -46 -25 -1 59 64 29 -8 56 0 -54 71 -41 -72 68 -23 78 50 58 88 21 79 -88
-80 93 59 60 -47 -29 21 -35 97 -8 89 53 -74 -32 -18 11 75 -24 76 22 -6 -25 -50 -74 -6 -73 -46 -78 18 33 -45 -69 -29 25 -4 -39 77 64 -50 -97 -55 -44 52 29 48 -47 -90 -63 -12 16
58 83 -36 94 70 -71 -77 -86 92 -56 -94 33 -98 -1 85 77 14 87 -100 -15 86 71 -93 46 40 -19 71 49 -88 53 61 -43 79 -23 15 3 -73 -32 7 -73 40 47 -74 -73 -94 70 44 -56 -74 -2
-30 75 -16 -74 -29 -70 -95 46 -44 -91 -74 27 -12 -15 -60 77 -39 -66 -55 42 82 22 -46 70 83 31 66 75 93 3 -76 -28 18 -7 63 88 -1 -55 33 -76 -91 74 83 71 43 92 88 43 74 94
43 -31 -41 -61 27 -50 -54 95 -70 -10 -15 -99 -9 -76 34 92 -94 25 55 83 -93 27 70 -17 50 88 -19 -68 -79 -37 -15 80 32 -85 37 -65 -27 90 99 26 -36 -54 79 45 -33 -92 61 -85 -31 -42
-45 -7 63 42 -29 -75 -74 -28 8 -91 10 100 -19 -85 -64 -60 -21 71 92 71 -15 -38 -35 -19 -20 -6 9 -17 -98 -34 21 -31 -86 52 64 -49 -13 -91 -97 -88 47 87 24 -62 -48 39 -30 58 -78 35
22 58 -30 -41 53 -13 -8 -9 27 -67 11 -70 -49 88 -90 -69 82 -75 -62 80 85 48 -29 67 -18 62 20 -72 -79 96 61 84 89 89 9 48 98 3 33 85 13 94 75 -41 90 -52 62 49 17 32
-23 64 -8 -55 66 22 -83 -15 -63 34 -27 -8 81 -49 65 -99 -34 -73 -24 -22 22 90 -1 44 -60 -64 -56 62 -4 14 34 29 39 11 68 46 26 94 79 -56 62 73 83 72 65 9 -15 32 20 71
-63 28 -28 -88 -91 67 -59 -30 -9 15 -7 80 1 73 88 22 75 -35 -47 86 90 55 -92 33 -81 -25 87 31 -96 80 15 -79 26 -67 64 67 64 71 35 -99 35 -41 -39 -5 82 0 -13 -47 16 -1
-95 92 77 85 100 -45 24 61 15 -100 23 -29 19 -42 100 -93 -27 -92 20 -93 -22 -65 -100 -47 -25 -22 59 47 -65 -71 50 21 -44 -65 -33 55 -22 -19 -5 14 18 -4 40 -5 20 -12 42 -89 85 86
-64 12 40 -35 1 13 -86 22 33 -10 48 -86 9 61 -11 77 -3 31 27 94 -25 84 5 -63 80 -55 72 5 -18 -27 -70 -4 17 8 -54 16 82 3 -31 -53 10 -85 58 -82 -33 93 -49 -58 -7 47
-89 -21 33 7 5 -44 -92 -29 54 -15 72 -80 33 -67 6 46 25 -87 -66 65 -98 -21 -76 -75 -1 -89 14 99 56 -10 -64 21 41 57 -32 -44 -97 8 -24 30 -56 11 -90 -23 13 30 63 -2 -17 71
31 25 51 -28 -81 16 47 38 -69 -42 99 74 -86 99 8 18 31 -75 -80 6 -58 -57 28 -46 81 84 90 98 -41 100 -28 63 -3 7 -89 -55 9 -37 -2 75 56 75 99 5 94 -7 -3 87 -24 -85
-49 -90 80 -34 -46 31 -86 -84 35 -62 -1 6 59 22 -22 70 -10 83 79 61 -59 5 9 -96 -99 96 70 -39 -8 -96 84 -97 97 -37 -82 19 31 -39 -24 -89 92 -60 -8 21 39 7 -67 54 29 -71
-87 -14 -16 -70 -52 -55 -50 78 -70 12 -2 64 -46 -52 -24 -85 10 44 -87 89 -18 23 -1 -7 72 91 -100 -44 -42 -84 82 -69 -99 -46 94 -61 -75 15 87 49 -26 -56 -86 79 -77 56 -68 5 79 -90
-46 81 -21 66 40 -84 -3 35 -8 -80 25 -20 13 -8 -49 -88 -36 36 88 -2 -2 -30 37 70 72 44 60 -7 -88 16 54 74 81 -86 11 -11 43 -9 -5 -78 4 -88 -42 78 -89 -85 31 -30 36 -50
59 18 -93 27 -12 68 6 -64 10 -1 64 -94 -55 -33 7 -52 66 -3 4 80 -82 -39 -86 -72 -92 -99 -87 26 -53 93 70 -52 60 -29 82 20 99 -40 89 11 86 14 12 27 -50 19 1 -10 -19 -70
-32 97 -73 86 100 25 -47 77 -46 24 -56 99 -35 57 -79 -89 -3 -46 16 -60 37 15 25 -66 2 -73 -100 0 7 -36 37 66 71 -56 -32 30 50 71 -96 -19 -90 48 94 -94 -56 57 -73 -7 0 -3
-49 48 91 72 -99 -2 72 27 -40 49 -30 31 48 -82 -7 -33 -14 -89 92 0 43 -50 -88 -57 -31 45 1 -98 86 -89 54 8 31 20 23 61 26 18 6 6 3 -69 35 66 31 95 -61 55 53 71
-91 9 23 -6 -31 -71 -94 -48 -92 38 37 -28 39 -6 -41 76 90 16 -86 62 -37 48 22 -27 -35 -18 52 -55 15 99 14 82 56 87 -78 1 -20 12 -46 -80 12 61 -90 7 -61 36 -8 69 62 34
-42 8 -52 -97 -73 28 15 -50 -29 26 -97 12 46 32 -86 58 -27 96 -68 -23 -56 66 -97 -46 33 41 -68 -48 -51 100 90 -21 90 -73 -65 -67 -42 -6 -1 -85 82 -56 -50 -22 -74 97 68 87 79 -30
-18 42 28 25 98 26 -72 -68 -93 -62 81 -39 57 71 -56 26 -88 67 71 98 -89 59 88 -59 -25 -98 -11 -31 47 52 -11 -55 5 -85 -61 70 15 -51 -56 77 -31 15 -56 -71 -15 -43 26 -73 5 81
-28 -15 -99 83 43 -39 60 42 -68 -8 -45 -74 35 70 -95 48 -8 24 -33 -71 -68 -41 95 -46 50 12 9 -98 39 -18 94 -77 48 22 36 -4 92 -1 -4 -42 7 -97 -9 84 54 -13 -17 58 -54 -10
98 -70 74 -12 88 78 -60 27 -79 100 -23 -90 -9 -19 -7 57 -79 7 95 -7 10 -85 79 -72 83 -38 -16 -61 -24 74 -23 79 13 28 98 -65 44 80 82 -54 51 80 0 -5 -5 0 73 31 -42 82
-6 -70 -17 57 13 -67 -63 -89 100 60 22 20 -36 53 9 -16 -22 -79 74 31 -24 97 -65 80 -82 -11 -90 -19 81 -95 -48 -36 -7 -37 -32 -57 59 -20 -35 42 3 60 -51 8 -94 -33 74 64 -82 -46
67 18 94 26 10 -20 -38 -31 43 -88 80 72 -87 97 -68 -67 -68 39 -17 -73 38 73 9 5 -4 -6 -76 -8 -12 -11 -43 -99 79 -92 8 47 81 23 63 -15 -78 54 -43 12 89 58 -2 -87 -34 51
-43 36 -97 57 41 65 87 -76 31 -85 -85 -98 -62 27 -7 59 -27 69 -95 83 -100 -70 42 -64 -99 39 -91 -29 28 -13 -63 25 -82 33 46 89 -93 -68 -95 3 19 -10 -5 94 61 -69 -43 -4 63 75
1 -87 -39 -3 6 71 -76 89 44 47 -78 87 90 -68 35 37 84 -41 -55 49 22 -78 -89 41 -89 9 25 -21 -19 79 -57 -84 77 -81 -11 -65 79 -76 -86 -70 -58 -50 -86 34 -95 3 -50 71 60 7
75 30 -88 15 21 91 62 82 -39 -12 -80 -63 25 -56 72 97 -5 -88 -45 -75 -69 -96 51 55 -30 58 -42 93 -28 -75 -93 31 -63 -35 -51 -10 3 -65 13 -41 -75 -87 89 -60 36 -53 -57 75 77 31
-50 -39 3 -52 2 -30 19 -86 33 -90 -10 47 54 37 53 87 -83 82 -3 34 65 79 24 67 -55 -71 1 -19 -96 8 17 55 6 -49 48 -70 -10 24 -24 93 62 45 74 82 -80 62 -94 9 -53 -62
-9 -66 43 75 39 57 12 -73 76 81 36 12 -48 -54 -44 -3 15 -70 68 -86 -92 -86 -81 0 -52 23 -80 -47 63 40 34 9 -51 19 44 50 -36 -58 87 -63 93 -25 70 -9 12 82 -17 23 16 81
98 -5 56 -16 -51 -37 77 -23 45 -74 -13 57 63 83 -26 -94 -95 65 -2 18 -11 74 -5 -70 53 67 64 81 92 3 57 -1 -40 -56 -14 -71 26 -96 81 19 -54 -72 83 -37 -73 -49 65 93 19 -6
-39 -91 31 -65 -20 56 -86 -24 57 -84 -73 49 53 -4 -89 -48 22 -64 -80 -25 -41 -75 82 -44 -80 -97 -14 94 -3 92 -77 -50 78 18 -87 9 79 44 -34 53 8 50 25 -95 -89 -46 -80 -53 -99 26
97 53 23 67 57 -83 -39 23 81 87 44 -37 10 38 -66 61 -67 -59 -44 -37 42 70 -61 -82 46 16 39 -67 66 64 -6 -62 30 63 52 47 -51 -16 20 56 -19 -74 -37 -51 -74 -42 -13 22 53 33
-30 33 -65 25 -38 -57 -78 -32 22 74 -39 82 83 -28 67 45 -83 -45 65 -75 -44 -68 12 -5 92 -86 34 -8 -77 55 -42 87 41 5 -86 -62 54 -43 -9 -97 -1 69 -14 33 29 55 35 -28 -40 62
-45 26 -40 -98 -92 65 14 13 9 -93 15 -99 89 -80 -6 41 -92 -59 -67 32 -60 -86 21 28 -55 -4 85 -100 -16 -42 -40 -59 23 -48 -72 20 -79 31 21 -80 -49 84 54 10 2 -69 -87 28 14 -61
83 -69 25 55 21 -100 -5 -6 -92 42 1 46 96 33 -47 90 58 -6 81 -43 -40 15 -28 28 -88 35 32 -32 35 10 52 20 -51 -84 13 -58 -61 58 -83 91 -91 81 62 -51 -83 -59 -36 66 -41 -77
-19 88 8 59 9 37 -92 -41 35 -28 -98 53 -65 -53 -19 -21 -51 -22 51 -71 -92 -67 -7 -85 -73 60 -19 -67 71 -41 -89 53 31 16 -100 88 -42 -64 28 -26 -61 38 69 -44 11 52 87 -69 -80 63
70 98 -32 48 65 77 58 55 2 34 75 49 -36 -11 -6 12 -42 -34 -59 80 -27 1 -52 -87 31 90 23 25 74 23 -17 -10 88 -68 26 9 -30 63 26 -22 31 67 -42 -13 -65 -19 -1 83 34 86
-38 -20 25 97 44 -88 57 -100 -59 -32 16 85 -1 43 72 -33 79 -48 -78 -65 60 -65 -77 -51 -73 35 -73 88 57 -5 98 -89 93 -8 -34 59 94 53 77 -43 -12 -85 -21 6 33 -91 -17 7 42 -86
59 -81 82 -87 35 75 46 -18 80 29 -82 -59 82 -4 87 -39 -99 -49 -48 -90 -61 89 2 -4 -25 -86 70 -67 -93 37 93 70 74 57 -70 92 -80 60 -44 17 -49 6 90 98 51 -96 6 58 -99 34
-55 68 -85 -82 45 91 31 -98 -62 28 34 85 15 84 -11 -23 32 64 -14 6 44 81 -34 14 -96 -69 21 93 72 -58 16 -99 2 -26 86 19 93 -28 -62 39 15 87 27 78 47 91 -19 -49 -59 -25
-89 90 -2 99 -8 86 -22 -23 -5 -8 40 62 34 -46 -97 -48 22 65 -77 -57 -74 -26 29 83 -53 -51 -43 -98 83 21 -11 37 32 -10 1 87 -51 -52 -52 53 -3 -65 -90 6 22 -88 83 -55 35 -57
10 -31 12 -27 7 -79 68 18 -49 51 -15 -20 -78 -80 11 15 2 98 96 -50 58 19 -37 93 -43 12 -38 -7 5 89 -8 62 -13 -97 -24 7 -64 -38 90 -86 66 -44 -25 70 -80 -87 -72 57 95 -10
-19 -8 46 -6 48 -92 -91 12 -45 30 -19 80 -67 -65 -81 -71 -96 -54 -23 -11 -52 -29 -47 33 5 92 24 73 -39 44 -49 -13 18 81 -38 30 45 -8 -84 -71 5 13 -4 5 -51 -72 22 -83 -10 -26
37 28 45 2 95 20 -77 -73 64 7 69 -93 -92 -55 7 8 19 38 76 -27 -10 -27 92 -64 -80 97 -36 5 -75 -5 57 48 -75 20 82 70 86 -4 -27 49 -9 86 14 -52 -65 93 -56 93 16 -31
14 45 -61 -37 -63 78 40 17 -59 21 47 -63 98 -7 -72 -70 -87 48 4 -48 80 -40 55 -34 60 -44 82 -16 -18 -82 -52 87 82 -64 -52 20 -84 -14 68 25 6 -14 -85 -16 56 58 -9 -82 -29 52
-67 70 85 17 35 -31 71 47 23 -35 35 -20 -93 -3 -38 -12 40 -85 -24 -30 -54 4 44 -85 -14 -36 -88 80 64 75 8 68 -52 66 -45 26 84 -85 6 65 84 -44 84 59 -93 18 -47 -92 39 -69
87 80 -91 -94 53 -6 17 -85 53 42 79 -23 44 12 -77 60 -40 -78 -18 7 44 49 95 69 62 -63 5 45 -40 46 59 27 54 -59 57 38 -99 -70 -57 -70 30 61 -79 3 -17 74 -41 33 61 14
-58 79 -37 20 -91 65 -91 99 80 61 74 -88 -28 45 34 -75 29 -81 0 22 -47 84 -73 7 -37 -38 -15 12 48 -26 -13 -79 -59 38 -13 19 -60 71 -95 42 16 49 -27 72 -61 -15 -72 25 -48 -88
-94 14 92 -77 17 -30 -62 -69 -19 -39 -52 82 71 -72 17 85 -88 -11 -37 30 84 9 -97 -96 81 -76 94 -40 -52 18 82 63 -27 22 83 38 -53 -56 -98 -13 -91 50 -35 -82 95 96 -55 -45 -62 21
-10 61 -64 44 85 -74 13 -72 80 -25 -28 -20 46 -62 -72 67 39 -28 30 -38 -85 98 0 -97 25 -32 39 21 -12 89 9 -1 62 -29 -44 -72 -66 29 89 29 29 89 -63 -54 -95 -27 75 48 66 35
-1 -30 41 -35 -7 85 51 -92 -31 36 2 75 -33 100 -54 -96 -74 -57 -92 -14 76 22 -47 -3 2 -1 -1 89 75 -64 -38 38 -11 45 -5 51 54 20 -15 36 -26 77 -44 -97 -94 -42 42 99 44 53
15 95 -94 -88 78 -52 57 11 19 99 -57 58 73 74 53 19 31 1 -65 24 12 43 -30 95 23 13 11 -49 65 -74 -92 21 89 66 23 -24 56 11 -87 -27 -92 -10 98 -34 -93 26 -89 51 -20 60
55 -32 45 -40 5 -17 42 46 11 -29 83 80 -3 -28 54 36 64 73 16 -66 -44 -61 -72 -25 -34 93 30 18 57 -10 -4 -85 81 88 -5 -26 56 -70 24 -83 34 100 32 92 57 -38 50 -14 -38 53
43 -43 5 -38 -21 39 3 19 -74 61 -98 -95 -87 53 -62 -30 -12 -63 -9 -36 46 -93 33 33 17 -84 82 22 -49 76 -94 -37 -18 -19 -46 -48 -93 48 8 -87 -8 -45 -100 89 63 53 -99 -21 -66 25
94 -7 80 -40 -13 25 -93 4 -63 62 74 76 -72 44 -20 -70 -77 6 -36 -96 -94 -77 45 -45 -79 -80 34 -18 -29 37 -81 -14 -6 -13 -92 31 43 71 -11 -37 53 66 -62 -45 -76 -58 -37 35 47 53
44 16 -79 -55 28 12 97 -50 82 61 62 5 -72 -15 55 92 57 42 28 87 -62 -62 41 -41 10 -5 -58 13 -99 -78 -65 -6 -52 -40 -30 36 -68 -7 -92 -41 59 -83 -55 -45 91 35 -17 -95 -27 20
-74 31 30 -24 -41 -93 -77 -81 87 32 -58 3 97 -31 -85 -68 -92 -99 -58 93 -55 10 24 -45 -68 -38 4 91 -70 53 99 -12 7 -95 -66 -37 -47 21 85 -76 -61 -14 -43 76 33 92 -45 -48 -51 -54
-19 39 -21 41 -28 -84 11 -56 -36 94 -20 62 89 -45 -81 -34 -17 -52 -47 88 -21 -39 46 20 76 87 -76 2 -45 -2 39 -30 -18 -20 -90 6 -83 -35 46 -89 43 -77 -29 -12 87 -72 95 38 97 82
83 -55 0 56 -73 12 59 74 86 -80 65 61 13 -55 -57 -55 25 -19 88 98 81 45 -99 -56 93 34 -4 73 13 83 -10 74 27 61 77 92 76 25 85 -7 -5 -92 15 58 99 32 -39 62 3 -46
66 -33 -29 -11 -84 -63 -5 -52 30 -51 -77 52 -65 42 25 -49 74 -29 45 45 -67 95 -49 -78 57 -51 -69 27 65 -79 -19 54 -56 5 2 -54 23 100 27 -6 -38 -46 -29 -18 8 67 19 -93 -70 59
3 64 -35 -7 -71 -5 -76 82 29 -19 15 22 -20 -79 -11 97 24 -35 2 1 12 15 100 -55 56 2 29 33 75 78 -13 89 -26 20 1 -99 -59 -23 63 30 -72 7 59 84 -54 -20 89 -47 45 -49
90 -14 0 -46 48 -31 -59 -32 37 -53 -97 -58 29 28 -8 23 -42 -46 93 27 66 -47 64 -56 22 -87 56 -41 47 26 -46 -15 27 45 89 58 85 34 50 87 76 -31 58 -60 -49 -47 60 -17 28 5
-36 -68 76 9 -8 84 58 -83 -82 -53 53 74 -46 -57 -96 -38 77 -97 -7 -72 39 -63 51 70 35 -18 69 -1 6 -14 -49 -65 7 -72 93 -38 30 -88 30 -52 44 -75 -60 -90 -53 55 -39 40 23 41
96 -72 3 9 -36 -52 17 3 45 29 -21 36 40 -51 -79 -67 2 69 -26 -34 32 -83 67 79 -63 11 67 -10 10 -27 89 -45 50 -2 49 -78 -17 -5 61 47 -15 98 48 -35 22 -22 66 67 -68 18
61 43 93 -9 -59 -15 -34 -31 13 -79 -99 -82 32 65 17 -19 71 -43 6 35 25 -86 56 87 -71 -20 70 -61 100 -35 64 63 50 45 82 54 4 11 74 55 17 78 100 -21 13 62 -19 -70 -43 -47
7 -86 34 19 48 65 4 58 -41 63 34 99 75 83 46 -95 -18 40 69 92 25 49 22 -53 -29 -75 -73 28 -10 -70 0 43 -56 -74 79 60 -29 -94 -23 43 -79 73 43 -96 -90 100 68 91 -85 91
-11 17 25 76 -98 -81 67 -20 61 -77 -30 34 -44 -22 64 -87 -73 -11 18 -29 -61 -44 10 66 5 -65 -64 99 61 99 99 -92 -52 -63 98 94 -80 73 -34 84 -31 48 -16 17 -76 -57 -48 72 -55 4
-59 -22 64 83 -55 -32 -80 17 -79 -25 -88 61 -99 -45 42 0 -97 -23 -6 -31 -39 40 29 80 40 -51 48 8 81 24 -37 -37 -97 -98 -75 -86 86 -57 81 -84 6 78 -30 41 41 70 -26 -15 9 -4
-73 -81 -3 18 40 -2 -47 70 35 -58 9 69 53 49 51 -63 -70 63 -35 -79 -35 -66 86 -51 -6 2 12 7 -22 35 -20 -22 -99 83 -17 -26 -88 -14 27 -48 -31 69 82 25 3 -29 -56 -90 -23 -56
33 -48 -65 66 -77 70 83 -79 -92 -38 20 7 92 7 -53 75 -25 -77 37 48 7 -48 97 -75 65 25 -9 54 79 -80 99 -32 71 81 96 -81 57 -68 -37 44 -24 73 -5 -39 5 -97 -54 59 45 -67
-47 -87 -56 -49 65 70 96 -83 52 -86 -46 42 -73 -54 -26 40 38 55 -41 -24 -43 58 -69 16 65 -66 83 79 -30 66 -82 44 88 -3 -40 56 67 78 93 45 -42 36 92 -68 19 -78 70 32 92 -53
-71 8 -16 -95 70 -73 -85 61 88 9 100 -94 -34 5 -9 -6 41 -38 -97 -69 -92 13 -58 -93 43 29 37 94 100 -14 16 -83 94 -60 10 78 31 74 98 -29 29 39 -19 31 61 34 62 50 -20 -59
-51 81 -57 -8 -11 31 -36 -91 32 -60 -85 -39 59 -56 -50 -78 -83 -1 26 19 -66 -22 -14 -48 88 -20 41 -1 -75 -85 -65 69 -93 -96 -43 63 35 -13 69 -11 -2 -100 -78 -25 53 47 93 23 -65 80
64 84 58 5 11 24 -87 -99 42 -19 11 -3 81 -95 -6 -66 -37 92 -52 -42 75 30 39 62 -71 51 88 3 99 -68 -70 14 -81 30 -50 33 -76 -100 -61 -80 63 18 -78 -24 79 31 16 41 -26 24
-72 -17 63 -39 90 -42 64 26 -68 -94 -97 -81 -40 66 -44 -89 4 29 -37 -80 -71 62 53 95 -47 39 92 -45 40 0 81 -69 51 86 55 -93 43 -28 14 -76 37 86 -41 -71 -96 83 54 -48 8 4
-83 -78 -80 -43 59 -35 100 95 56 55 -75 100 -89 -80 84 89 -56 -50 47 -51 76 -65 -8 61 70 64 31 86 92 80 -90 -76 -26 81 1 59 83 -24 -51 -15 73 55 88 -49 -63 56 80 28 -45 27
-58 -80 40 -85 66 19 61 88 65 53 -25 -34 -84 -1 -15 20 17 25 -46 90 96 39 95 16 57 58 0 -98 11 -35 -78 88 -81 -48 17 14 90 -56 56 -18 -50 -45 -74 -27 57 -23 -47 54 36 95
-40 22 74 27 37 -58 -8 -1 -85 26 -82 -1 55 51 -42 -77 58 68 -44 -20 -24 -92 9 21 72 14 -49 45 53 -37 19 66 -61 -20 -89 22 -62 70 94 -56 49 -100 10 42 -33 -19 -65 -15 -54 67
49 25 -65 -79 -3 27 -16 -41 -44 -52 89 69 90 94 -83 65 81 71 100 -57 25 -42 -95 100 34 60 17 37 47 -79 90 32 41 -39 53 -90 -82 72 31 100 38 5 18 -3 -39 -28 27 31 -26 5
-12 73 14 -96 -56 91 85 -64 -57 -94 -46 -27 95 43 -69 -31 -23 -1 -90 -55 -20 13 -52 73 -35 52 28 39 -69 81 47 80 56 -65 74 -69 73 53 -22 44 -46 60 37 -73 44 33 -30 95 -48 79
96 -99 -57 -75 89 62 19 -68 84 22 -79 -61 47 0 9 -68 -20 25 25 69 7 88 -7 38 74 34 -20 62 33 14 -22 -75 -17 -90 -83 -34 -68 -16 23 -26 -94 -99 -78 -100 -97 42 38 40 -84 -7
-76 -23 -60 -65 -22 -54 -2 2 9 -71 70 87 -76 -70 -61 -30 -31 -78 -20 97 -17 -30 -4 -57 -15 17 -25 33 -83 -25 -33 -50 7 -41 83 -60 80 -8 -8 -14 -12 -71 -99 23 4 -16 89 -47 -82 97
24 -13 76 -47 81 82 -11 -94 37 38 88 13 46 70 -26 -38 23 50 26 -81 -1 73 39 35 -63 26 76 -67 96 -78 49 -64 45 -95 25 -12 80 46 36 41 -95 82 -21 -71 -63 -49 4 5 57 -69
-96 28 39 59 -10 22 -34 23 13 84 14 24 26 -49 30 74 -86 -73 -41 48 -59 -18 -74 11 -46 73 -87 12 -74 24 -40 -85 52 -49 -34 -16 -43 91 -15 39 100 56 -79 84 -55 -5 -86 40 65 71

9 -23 3 -49 1 -92 -58 -64 24 -88 -69 -26 61 76 51 -27 -2 45 57 -2 8 48 -75 -95 -78 23 -88 -44 -85 -4 -99 -47 94 -54 -80 -8 -84 78 22 80 -63 61 55 -2 32 -90 16 49 -91 23 -33 78 14 0 54 -32 46 -91 3 -100 -34 63 86 -78 85 -39 76 45 26 54 47 83 16 59 43 -70 2 -86 81 -77
51 34 40 -39 18 -77 -83 53 75 10 -54 15 17 42 34 39 23 -10 7 -93 59 -20 32 12 -84 -42 64 95 -6 73 -75 -75 -54 -78 -61 -9 19 48 19 7 -59 -23 -62 83 88 -5 25 -41 92 -55 55 -44 -16 -53 -52 11 69 -71 75 -65 -90 -11 -55 -60 97 -31 51 53 -79 -31 47 52 69 -86 20 31 98 -44 68 -48
-28 42 38 -47 -42 22 37 59 64 -63 -39 45 38 85 62 76 73 87 -63 7 -79 32 54 -19 -32 86 -99 -19 -87 77 -24 65 11 -69 4 94 58 62 86 77 -91 -36 -93 -81 56 15 -24 -22 -100 46 -1 -8 44 66 -1 89 -46 100 79 93 26 73 -96 51 44 -63 -18 41 67 -17 33 -61 79 -2 72 -95 90 26 51 -38
-94 -2 -96 -60 -6 12 3 -94 63 47 -89 -50 25 -60 37 -66 -90 -23 -35 85 -50 -21 -67 4 98 -24 -51 46 73 1 -64 57 69 87 41 23 74 -77 100 -17 -51 55 -91 57 16 -61 50 -22 24 69 61 76 -85 -45 37 -79 -90 -93 -76 -59 80 -56 47 71 -27 88 43 -28 65 70 81 11 -42 -71 49 43 -65 -27 79 -50
90 -48 9 40 -87 84 99 57 75 -44 54 2 3 43 18 98 51 -98 -81 -89 -84 -55 81 -27 91 73 -21 52 56 -50 92 96 -80 39 -70 96 -21 62 88 -8 -46 -34 76 18 73 -22 -75 43 -52 -79 25 52 76 96 88 -54 -85 -1 -91 30 -40 -60 -60 65 29 27 -46 29 -16 14 45 -71 20 43 -73 54 -4 44 -90 77
88 -1 10 -95 -61 -82 -26 -73 -39 65 -6 6 64 71 34 85 -100 3 50 96 -19 -58 81 -16 -2 91 54 -72 -99 -94 44 64 80 61 91 -92 74 -74 42 76 -72 39 11 -75 37 55 -71 96 49 97 3 -97 66 -76 -93 95 -26 -48 9 75 46 -5 -66 58 51 15 -73 -75 -47 76 -48 -9 90 71 -70 19 61 87 -81 -80
-30 77 11 37 -47 36 -35 30 68 -83 -92 98 13 -72 -88 29 -29 -36 -94 97 59 -83 61 12 85 -31 13 -41 -31 -40 -12 3 -26 -5 -53 -72 -83 16 45 73 -12 -34 -39 -87 -98 24 69 36 -50 14 -6 75 78 95 -7 -44 -82 -43 12 25 -100 79 -17 -25 -38 85 5 19 -29 92 -38 41 59 62 58 -84 -44 98 -64 29
-18 13 86 -54 88 100 -35 -29 69 65 34 -82 99 -11 19 40 96 67 28 52 -2 28 7 -91 12 0 -19 -59 88 11 -22 98 95 -57 92 2 47 -72 -77 72 39 -20 -68 -95 82 8 85 -59 48 -39 57 30 -12 -3 100 -43 23 91 24 18 -75 -97 48 66 13 88 56 -16 34 24 -11 -99 -23 79 -52 -43 18 45 -79 21
-57 -98 -25 -23 -25 1 -36 45 -6 100 81 -19 -6 92 -93 32 -12 -17 -15 -24 52 -77 84 50 82 70 65 -79 -12 25 14 -81 -20 -62 98 59 90 46 -65 -81 -45 68 79 -19 46 74 91 45 -48 28 -63 -40 60 46 -54 -61 -7 77 -93 -8 65 90 41 -92 -74 12 75 26 -13 85 97 29 -9 71 73 14 31 6 80 -17
3 -33 -12 -72 -61 55 88 -3 -87 45 61 -83 76 82 -46 51 59 89 -20 -83 19 11 71 77 -33 84 -52 -10 -10 19 100 -80 95 -6 44 -88 51 76 75 -66 30 98 41 25 -51 49 -45 13 32 33 -59 75 55 -17 42 -68 -26 -70 27 88 47 -48 82 -4 47 -96 -10 33 8 -73 61 37 -81 73 48 -87 -40 -35 35 -85
13 -85 33 -95 95 -53 -47 -49 -42 -69 54 57 61 99 93 -59 -72 64 53 23 -86 -66 -15 77 17 37 97 16 28 89 -59 79 58 86 -36 -5 -20 35 24 -89 0 8 -62 84 -73 -11 -30 -36 -24 -71 -21 -38 80 -44 36 -85 -13 91 -78 -79 -76 -27 -46 -20 -58 -7 -56 91 -40 -85 -87 68 -35 5 -37 96 94 57 -86 59
36 38 77 46 -37 38 42 -15 76 8 -5 -66 -27 85 76 97 61 -26 38 56 -87 -19 40 72 13 60 -41 36 -47 -38 -53 -65 -1 -9 -32 -16 5 -80 -91 -65 52 -50 31 -34 51 41 -18 -64 -81 36 89 12 83 88 -45 51 -93 39 56 98 -90 -57 90 -57 79 -8 -33 -18 -86 -90 -65 -50 -61 -8 -3 -23 -91 44 63 92
-60 -88 64 -97 0 -5 14 62 -59 -86 47 -61 -72 17 -87 18 67 27 95 -2 47 45 75 -51 3 62 -85 -10 -43 34 -51 23 30 -100 -85 -60 -6 -68 -72 76 25 -89 60 56 -60 -34 -34 1 76 34 -83 9 95 50 60 -34 67 9 61 92 29 34 -46 -80 86 -23 12 96 -75 95 72 35 23 -62 -12 -40 -9 5 -13 62
-5 -51 98 98 -8 -24 37 24 9 -98 55 -11 -43 50 -98 -73 -1 -62 -67 33 24 62 63 -59 -39 52 -50 100 -76 -96 -70 -29 -74 93 30 -17 70 -88 61 75 -18 32 -26 72 78 96 97 50 16 -67 94 22 -11 -93 -43 96 7 -4 94 -28 85 -39 -82 -79 -2 -50 -88 -60 35 13 -72 68 -14 96 -7 -24 -20 -6 -7 47
-97 61 -73 -17 53 14 23 23 -57 28 53 -71 -60 -22 -18 -36 99 44 -14 21 78 -48 90 17 2 14 -7 -42 38 64 -7 45 -59 59 -54 93 -100 54 55 31 18 80 31 -96 14 84 -45 67 -58 -77 -68 -57 74 88 -43 -97 -73 -28 -67 65 4 51 -20 59 43 -26 -9 -27 79 59 25 88 -82 24 -14 85 -74 -58 0 -8
34 100 -37 15 30 12 84 -86 -78 -34 -45 -86 -23 -87 13 -69 41 -79 -78 -40 -85 -14 96 41 7 -9 -76 45 70 -55 76 100 -3 54 -21 -6 -81 -54 -72 0 -90 3 -19 -38 60 9 -7 -42 -1 41 -21 -34 71 -19 59 25 -89 -56 -27 91 61 24 0 15 -87 -99 20 2 68 -84 -16 37 68 -90 -49 16 87 -71 62 -9
-44 79 -69 -48 -72 -78 3 100 77 93 4 -50 15 9 48 -76 -71 4 -22 19 -17 -67 52 48 72 -60 -27 46 -46 87 -18 -2 -26 83 -33 -54 94 -78 45 -47 -88 46 -99 69 43 -42 28 -64 -87 95 45 56 -75 21 9 -90 -5 -41 69 22 -9 -50 -68 -47 -92 -55 -86 72 65 -18 -34 12 -21 90 44 -10 30 -60 60 -18
32 -67 75 -92 -38 10 8 -94 42 -71 -59 -82 -40 1 -73 -15 -22 12 11 58 -69 -36 3 100 -84 21 86 -23 -82 -33 100 2 25 -75 -84 85 -47 -45 19 93 -90 64 -24 99 10 -11 98 -47 64 -33 57 6 94 -56 62 35 -50 -41 -71 -11 54 99 -24 -58 83 -32 47 85 -8 -2 78 -34 -28 48 -28 66 46 -23 -7 -56
-54 15 44 -93 -42 -72 86 98 -45 -53 -94 47 93 64 41 -99 15 -34 -93 38 55 55 -19 -45 -13 78 16 55 85 85 -9 -96 -6 67 33 30 99 -41 86 64 98 -57 0 95 6 -8 33 74 -80 -19 82 -33 -65 -84 29 29 -86 35 52 -82 -62 -35 -100 -9 -21 -54 84 -44 -26 22 92 -84 12 59 68 -96 39 36 55 -80
78 -1 29 77 85 40 54 56 -9 98 4 -87 76 22 -64 -37 84 -96 64 -100 -83 63 -5 -55 -25 33 -21 14 16 -9 -38 93 -40 -45 -29 -51 36 54 -50 -99 19 -62 -90 18 96 34 -94 -99 -9 -5 -92 -68 -2 -7 -39 24 51 -23 88 49 28 -55 75 48 30 79 -47 65 69 55 19 -60 87 -5 92 46 56 22 48 67
98 80 29 87 51 -66 -17 -66 79 54 47 16 90 63 -24 92 98 -61 84 39 -39 -31 54 21 -37 92 -80 -67 -7 -1 81 -80 -19 -19 -41 -2 80 72 19 -86 -14 27 88 26 57 -93 100 42 -24 -26 11 76 26 -18 -37 -52 -88 -6 64 -47 -90 59 -94 -16 -52 -92 -6 -53 3 98 38 81 -88 5 38 1 -71 32 17 59
-81 -62 30 -19 -42 -31 27 44 78 25 62 78 -25 -45 -11 -12 45 7 -73 8 85 61 67 -81 -81 -76 -45 58 -32 83 36 30 98 84 -4 49 95 16 -67 88 -14 18 72 -36 -53 90 9 48 42 60 -15 83 -50 -58 75 3 60 34 -22 -51 -80 9 55 -52 -3 -36 65 65 -87 3 75 85 57 0 -27 42 -36 -71 82 14
80 -93 -86 49 -62 99 26 -3 90 -100 70 -48 68 26 -21 -54 -52 12 77 45 76 -59 -92 -61 70 -43 10 11 18 -29 7 77 54 -8 100 56 54 -89 78 61 -90 64 49 -59 81 -45 25 17 -31 -97 -27 34 31 -32 72 65 99 -86 56 -68 39 58 -64 -54 69 82 64 69 36 -61 0 -84 39 -16 -74 -60 86 36 -73 16
65 -98 -55 53 -5 71 -61 -88 61 48 -81 -71 65 -51 98 -67 -5 44 9 -65 22 -62 -25 26 11 -25 21 -24 80 -75 -66 -79 29 -24 18 -57 -32 -22 24 -19 -46 -39 67 -82 -43 96 -94 34 61 68 71 -94 41 -76 25 40 48 -92 28 -19 -45 -59 41 58 -88 -1 78 3 -71 37 -52 33 -19 73 -55 -7 5 19 -16 43
50 57 24 -94 43 -86 -83 -98 -15 -85 19 -29 -72 20 -66 94 43 -40 18 99 77 37 42 96 -94 -75 92 33 17 -73 -32 -37 96 -99 0 52 6 -24 -25 79 66 90 -47 -61 76 81 98 93 72 57 29 -26 68 33 99 -81 30 10 16 65 -11 56 26 70 -96 -78 71 -20 94 -47 -86 -12 -38 -13 45 -70 25 -63 92 -49
29 15 8 -66 82 -5 -87 24 -19 48 8 59 -30 -36 22 -95 -5 -90 -77 94 9 -78 52 40 -83 3 79 -60 66 35 0 -59 84 42 95 -23 74 -54 77 -25 -88 -36 80 49 -7 -41 40 -48 69 -70 -83 -89 32 -99 76 31 -67 8 -92 30 -93 -23 48 88 -96 20 -32 -96 -14 95 49 83 73 -45 14 91 -28 -76 12 99
-61 -57 -67 -69 -1 -84 51 11 -24 58 -35 83 5 -52 72 -83 -1 -8 -57 69 44 86 15 79 6 59 -91 -54 -11 -27 -71 42 30 42 84 90 85 16 12 -76 -59 -70 29 83 -72 72 59 85 14 29 68 -24 -50 7 26 -82 99 99 13 88 39 55 58 -76 -92 -36 -53 70 -39 28 63 95 0 29 -50 33 39 -21 97 -54
-85 29 91 -1 -60 94 -38 56 -92 -86 77 57 83 -31 19 -82 14 -26 87 57 -32 -29 72 -61 -67 77 35 -10 57 -35 24 64 76 -51 -89 76 -3 99 -50 47 33 3 63 2 -87 57 34 -95 7 47 -85 6 26 -23 -5 2 -31 -96 -9 -38 -94 -91 -73 -44 21 -25 -93 -64 -79 27 -64 -71 -79 9 51 -8 15 91 -16 15
-89 -58 69 81 20 36 28 -64 -31 -81 19 19 -26 -87 -12 8 -76 -10 -47 -5 -23 -35 29 53 35 -18 -24 51 39 41 -11 100 89 -42 93 35 -41 -35 -11 -46 -43 -9 12 -32 88 -26 68 4 -4 79 61 43 42 -65 -35 -21 73 82 27 17 -97 28 -56 6 51 80 64 32 -87 40 -4 20 97 20 66 -97 -31 54 36 -22
-12 -56 -3 -52 18 97 -54 58 39 97 -1 41 -6 -38 -73 -67 -96 -13 58 5 20 -14 67 -5 -28 -30 -11 -18 44 -19 64 -75 79 -80 -40 -84 -11 99 -47 -75 34 -28 -61 -93 -20 90 88 6 97 24 -40 -55 90 -73 66 -75 -99 55 86 -83 -95 36 83 -37 14 -63 -88 37 17 10 -57 60 9 37 -12 6 83 52 -21 57
55 47 -81 62 -98 -31 -45 64 4 -75 -91 10 6 75 -42 -93 25 3 -89 15 -80 21 -27 58 -75 66 69 -77 34 58 86 -1 -49 28 12 66 -67 15 -93 -49 -85 69 -46 65 -27 75 34 -35 33 -69 34 -4 24 -69 8 52 44 44 -100 -11 62 -71 -97 -97 -67 0 -32 -53 96 14 17 32 43 99 -30 -9 46 61 -23 -13
-46 54 79 -93 -95 -32 97 36 11 66 70 -68 -18 -71 -88 38 -8 14 -5 -5 -33 85 90 -78 56 -52 -75 -64 36 -79 45 -68 85 -37 57 -88 -85 -56 -60 -62 46 -37 -13 85 34 97 18 -1 -41 37 99 -21 45 27 -37 29 40 -48 -38 34 89 -34 -68 -43 -88 91 24 -22 -13 42 -20 -67 39 72 26 -85 12 85 73 -96
3 71 67 -71 -6 -8 -33 40 -10 -34 63 -52 64 37 42 -66 10 -58 14 21 -49 58 -7 -5 -53 -29 33 -99 -65 38 -95 44 -85 -14 69 12 56 -41 46 63 9 -74 -49 25 -31 74 95 -89 58 20 -21 73 84 -28 61 -55 -41 -66 -91 43 -94 63 -89 16 -62 -97 48 -86 53 -60 -98 74 42 42 50 89 -48 -67 13 -20
90 -44 42 -52 -29 -19 73 41 85 -71 -47 -33 -99 -56 -89 -72 28 -75 -18 -72 -22 -99 13 -92 56 28 57 59 0 64 -25 43 41 -26 -97 -88 -87 78 85 95 -53 79 -100 -27 44 57 -62 44 -40 -7 98 36 -54 -79 -43 -87 -70 -70 3 12 58 -57 -88 53 29 91 -64 -52 -78 -87 -6 -41 0 -53 15 -27 88 -55 -31 27
-28 9 -69 -95 9 -36 68 58 -87 -60 -50 67 -80 1 -69 44 7 -3 97 -24 10 -19 68 59 32 -37 -62 94 76 -43 58 32 32 30 19 -84 10 44 -51 1 -6 -42 42 55 89 -28 -63 67 66 56 22 -4 46 29 -29 -46 -49 -12 73 4 73 82 50 10 -42 25 -23 22 -88 21 70 -41 -25 -40 -37 96 -32 35 94 -22
-49 96 83 25 -36 -57 12 -86 75 48 -83 62 -44 96 83 84 74 -82 -88 -43 -53 63 88 -2 -79 15 45 -79 -83 54 -24 41 3 21 -21 -40 -46 21 52 56 -19 55 88 50 86 60 41 79 -39 -44 -96 -40 43 -85 -92 -44 -54 -29 -93 -15 33 -22 14 53 24 -48 7 17 55 81 13 -85 -70 -17 -13 56 38 -69 -91 28
43 51 -78 85 -9 -39 -86 -22 64 4 10 -83 -42 48 85 -93 -46 -50 26 -82 41 47 2 16 18 9 -83 39 -63 -67 99 92 56 -96 -74 27 71 -63 26 -34 53 98 29 62 -50 -31 -16 -32 46 99 81 -34 -64 -4 -12 81 -40 23 0 -71 -18 3 86 51 -69 58 77 -88 -72 4 76 -86 67 61 20 82 79 -21 69 -20
21 2 -32 53 14 -4 39 -46 -67 99 66 69 -16 -24 -42 -78 -41 -3 65 14 98 -20 -67 -81 12 56 -62 -95 99 -49 60 13 -34 -98 70 81 -54 59 -14 -66 57 30 52 -91 87 91 -35 32 24 -92 26 10 -6 -80 -35 85 -3 -79 -76 -60 37 12 -4 -97 -36 66 -88 -98 -95 -62 89 100 64 93 -66 -94 70 76 33 -94
-75 33 44 20 -52 -38 25 1 -35 -27 -2 -100 11 -73 55 -80 3 -8 -84 45 57 63 91 -54 4 25 -13 42 -30 -19 98 15 -91 -18 -65 71 49 54 -50 -77 14 -55 -1 -97 68 67 3 -56 40 -46 12 82 -16 -96 -60 9 -21 -9 14 60 26 -65 95 27 -62 -99 36 46 69 72 62 -94 -28 -15 98 -55 -67 96 -59 80
24 -77 -56 94 -75 -18 -77 88 57 88 -77 91 35 82 35 -4 -75 94 33 88 -39 -22 42 34 22 55 34 -67 13 53 -33 -2 -77 59 -26 56 -73 -6 51 -71 -27 -82 1 46 -79 -64 -93 99 -31 -70 -69 -78 77 5 -50 -73 -95 -83 65 -67 -2 66 -41 44 48 78 52 -49 -35 73 -60 -63 -28 -13 -89 43 -95 -58 -27 21
27 -83 38 -57 -17 68 -53 13 55 -3 55 55 -9 83 20 -53 43 19 73 85 -10 81 22 4 -75 4 -76 59 -72 69 -19 -17 -9 72 13 90 -89 -22 -92 -30 2 -65 5 -8 23 -92 -89 -44 41 93 -85 -1 13 -64 -35 78 -25 -95 23 -33 42 -47 55 -39 27 -81 8 -57 -12 -51 42 -43 -49 92 -39 -58 -9 -28 66 -55
81 -35 -34 8 33 -16 -19 49 -40 -55 -98 49 -48 86 44 66 -45 8 15 -70 94 -19 -82 55 -4 -81 -1 92 81 98 8 -63 -95 -30 3 -29 3 21 59 36 -37 6 -18 -56 89 55 -41 -16 -81 -59 51 55 21 -8 51 -45 53 55 -4 97 88 -54 70 67 60 26 -18 -33 68 -73 -59 -55 29 -18 55 -82 21 -45 76 -25
-62 -92 44 53 -100 42 -51 8 87 75 -36 5 -36 27 -15 -93 19 -2 -36 92 -21 -26 35 -24 -89 49 -69 -18 -21 -44 57 -3 -90 99 -97 72 -98 -95 39 -73 79 4 4 82 84 -15 -46 -81 -97 -34 -66 -35 74 59 12 59 3 -65 58 -22 86 42 79 46 -72 -32 -50 47 -54 -3 -19 -15 -60 52 71 -44 47 22 -1 -10
77 9 -97 46 16 25 22 -11 -41 75 -37 72 -75 83 -50 -44 99 -7 69 50 -80 -65 98 23 -66 -44 -63 -75 48 7 -81 4 53 -31 95 -76 95 45 49 -61 37 30 81 -91 -97 -82 -33 -49 51 48 -38 11 -98 -71 -26 36 -24 86 79 -44 49 -1 -16 32 31 -92 30 2 27 19 83 -56 -9 -74 -9 -3 79 64 -96 82
99 67 -25 78 40 92 -75 33 -90 -60 64 -23 82 -2 69 19 -42 87 -25 13 34 62 34 19 65 47 -44 14 28 -9 81 58 -84 -24 -54 -11 61 -72 -74 19 -88 88 -14 7 57 90 -27 35 -12 27 -68 -13 15 34 -60 33 -10 95 -23 60 -45 -2 65 1 78 -96 74 -64 47 55 -76 27 26 -77 -92 93 -15 19 -51 90
-74 -16 96 96 71 10 -86 93 68 35 -60 -5 45 -36 -10 -99 23 43 45 -85 17 -62 55 45 5 -69 -78 -42 -26 -73 -14 10 -30 45 -7 21 65 -55 7 -18 -10 72 -37 26 45 75 14 -78 -87 96 -2 52 57 72 -85 10 -58 -60 -25 24 67 -8 -85 -22 -27 -96 -5 -41 -55 1 -55 -50 44 -82 67 -70 -96 27 -6 88
-12 -32 -83 5 0 -71 21 -96 74 -38 -44 -10 98 -81 -87 29 -26 31 -13 -85 81 -79 58 -83 21 -73 87 -56 -85 52 -78 76 -53 -62 -9 -62 39 21 59 -5 66 58 30 44 35 92 -13 97 -13 39 -91 -90 49 -95 92 -44 22 16 57 -70 -62 80 46 7 69 -12 30 73 -90 72 -52 36 36 -29 88 21 97 -76 62 27
-50 58 -21 -72 95 52 38 -17 -67 -53 30 79 80 -12 2 23 42 32 55 96 -85 20 41 7 -95 -63 66 79 -72 76 -69 9 32 47 -33 -7 -99 15 91 5 38 -88 55 -64 -8 -5 -43 19 70 39 100 61 -58 78 -32 84 -29 18 85 90 -15 -49 54 -28 -88 94 25 -46 56 -67 73 22 -16 -1 -58 23 47 89 -92 -76
53 -16 -49 -21 6 -15 -93 -1 84 8 76 -67 61 -54 100 -82 -77 12 79 31 -90 14 -14 72 -44 -98 -49 -87 -39 -74 77 -18 -26 -9 -87 -41 22 55 70 77 -43 -16 -9 -92 97 31 -100 31 -60 21 26 -70 72 -2 -92 75 37 77 38 -81 -71 23 80 41 -3 -43 -29 -25 -97 -99 1 -80 -65 24 -87 -31 81 -28 -99 59
-82 71 89 100 77 10 60 -58 -5 64 -48 -16 76 24 97 -38 26 15 -89 -46 -22 -51 -97 -64 -79 -77 36 0 16 -78 21 62 -66 7 -42 47 -42 -50 16 68 18 -84 82 -5 13 -9 28 14 40 67 26 -63 -37 -51 88 -66 -70 69 -19 -7 -92 87 80 70 23 -82 -90 63 65 98 -92 -29 -53 -19 17 -29 93 23 -98 28
