-19 -3 -36 70 -71 72 52 -76 -18 67
41 -18 -40 -36 -25 72 58 -42 20 -4
28 24 35 100 -20 45 7 -19 92 -57
8 44 -50 99 48 -52 -10 -50 -18 64
-11 80 10 33 83 -68 16 5 23 14
-43 -35 -29 -21 -93 86 -35 -36 -49 32
99 -15 97 6 17 62 -26 -3 -42 88
-78 -43 -47 -14 -71 39 -69 66 -71 -47
-52 83 -31 -30 78 -71 64 -82 9 24
6 -94 -81 -2 -19 -8 -77 -38 92 -3
68 79 68 16 -29 74 71 74 -36 -52
94 36 -88 65 89 32 -96 47 -66 35
60 -60 79 4 55 82 -20 -25 28 12
-88 -3 -61 -55 -10 57 21 13 -21 -31
2 -24 11 -8 78 44 55 92 64 -21
-78 -86 -44 24 -18 -51 12 96 -1 5
-10 31 27 24 -51 1 -3 2 12 20
23 26 -49 71 -96 5 -42 70 17 3
-67 -30 -1 -53 -95 -39 -70 -66 -58 79
-54 -96 -44 -100 6 -16 79 78 99 6

-59 -65 -58 64 86 -81 -52 -28 -41 -39 -68 71 -71 -36 55 59 -59 -29 60 -20 23 -3 -80 -16 96 -46 -23 100 21 -99
80 -16 76 -81 4 12 88 -83 -86 44 -22 74 35 26 93 -7 82 100 -50 -65 52 -54 -81 47 -13 5 -51 67 -51 2
-46 -11 -2 74 22 -50 16 38 -65 16 45 92 22 59 -80 95 -85 95 -60 -35 -67 99 57 22 -96 -51 73 52 -25 -14
22 -69 6 21 75 -90 55 19 21 44 -44 -99 89 -43 0 -37 30 96 76 86 -40 25 77 82 -99 -15 -98 20 14 -62
-15 30 -38 -29 -10 72 -3 27 52 -41 -21 17 -84 -33 -72 87 21 -18 -24 -1 -71 62 61 100 70 -33 55 -73 59 18
-15 73 -62 10 8 8 67 51 -35 -13 71 65 -34 53 43 93 31 33 42 -76 -71 95 -32 11 73 29 65 -32 -11 47
59 -33 20 93 -31 15 38 34 24 -68 -39 100 -89 84 56 -11 -90 -65 57 -46 -53 8 -68 -17 -94 -1 -17 72 15 -55
-71 -78 54 91 -23 19 55 -29 96 -56 -9 -9 92 -70 -84 -55 -51 -41 96 17 5 18 -32 34 -64 -18 -44 -43 -19 97
13 -86 -66 -30 -14 76 -86 -51 45 -16 17 40 -23 27 -65 -16 -9 -60 -16 37 61 96 -53 56 25 29 52 -59 94 -56
40 -43 -63 53 -40 -23 -71 -100 40 -90 36 85 -58 19 99 -43 -44 -32 11 60 -10 97 9 -27 -43 0 -26 -88 -9 -24
