-84 49 68 -86 -1 58
58 3 94 -15 -18 -13
-42 -1 55 -24 -14 -97
-66 66 -7 -31 6 -41
34 -65 5 80 28 -44
2 -46 -36 77 -10 -35
-21 -49 94 -57 -26 -34
43 -9 -73 -64 -63 32
-21 61 -27 -77 -53 -40
8 75 -69 77 12 -76
97 35 -37 -40 -27 -7
29 -91 -68 -17 85 -62
54 -87 -96 81 -86 91
24 4 32 -85 100 2
85 -75 86 87 -18 -61
92 -14 -57 96 -87 90
-1 -81 13 -38 -5 -29
-37 -62 47 -64 87 -99
-66 -40 26 -66 -66 -87
-37 50 -54 -29 -74 20
80 77 -66 13 28 59
94 -90 48 52 -46 -87
-85 100 22 5 -20 24
54 83 77 -59 -49 -7
50 -31 13 -73 20 -19
-33 -18 -73 -74 93 -80
-57 -82 49 94 78 -45
90 89 -85 27 76 -19
-48 -5 86 87 -76 -24
0 -16 46 -84 41 98
-29 -86 -84 19 68 -52
58 13 92 10 -34 83
69 16 -98 -29 50 -23
-26 68 46 -77 -8 -88
5 58 69 26 -86 -21
-76 71 -81 89 -9 37
-5 -51 -38 -43 92 -19
-15 -6 27 85 -98 59
-21 55 45 -66 96 19
-38 -51 42 51 -100 50
-65 10 34 57 72 -11
-24 -85 -22 -13 58 32
-91 -76 19 -97 -88 96
-51 49 100 -31 87 -77
-3 10 26 83 68 -100
-74 -57 -54 -58 36 22
-43 -71 29 81 -33 95
21 -1 62 -97 -15 -30
-18 97 -69 80 18 87
-4 -3 15 94 -12 -64
-61 -69 21 -36 -81 72
92 66 92 30 -92 55
40 38 94 83 -20 96
38 -75 7 59 -73 -37
-64 55 -97 -37 79 94
-60 94 -85 40 -49 -13

-88 -93 -28 24 -13 80 51 -28 -8 -63 59 26 59 2 -57 -66 78 43 52 -95 -37 80 24 31 36 74 10 -32 -28 -8 -50 39 19 -5 60 17 -99 -96 -57 -80 61 -60 -69 -36 -52 -12 76 -31 17 1 -38 -58 -84 -53 64 10 -94 -51 -13 -36 -61 51 -69 -20 80 -72 -69 -26 43 73 -57 -7 94 91 -98 -25 70 79 71 -60
-52 -89 42 37 -66 39 9 50 -4 72 -9 35 13 71 -5 -8 -5 50 53 25 37 -3 96 23 86 71 3 -25 -13 -80 -28 -92 15 -33 73 -44 -16 -23 39 13 -84 -27 -14 -60 -12 88 71 -73 -41 16 24 -73 -97 34 63 38 0 43 47 67 -20 -56 -70 56 5 60 11 -50 -53 23 -54 98 -38 -81 66 -47 76 59 -12 -40
-56 -91 -18 -47 -62 56 -6 -73 -93 64 51 26 -6 -77 -54 -55 -82 10 -49 -72 92 -23 -99 0 65 66 49 41 82 19 25 37 -62 -43 -15 18 25 51 55 30 -7 4 -59 9 76 21 73 -82 89 34 -7 38 -25 -78 53 -71 -14 16 -79 31 -89 92 -39 -74 -55 -22 -38 -42 33 -80 -86 -78 -38 -81 61 -45 -5 -72 -9 46
-12 47 45 -95 37 -37 -28 50 -76 30 86 -10 -61 -64 -72 70 0 -95 18 -84 27 -88 -63 82 -5 -41 -22 -36 75 -17 -38 -34 45 53 -76 72 -19 -79 -13 -18 -96 53 -91 -99 -83 29 -91 -68 3 6 40 31 68 -95 30 59 -60 -41 75 25 -63 -88 87 99 -93 -17 -54 -10 -9 -4 -10 -100 -1 -71 51 -70 80 -3 94 48
-20 -80 -24 -98 -3 51 -68 38 53 -20 39 -87 2 82 -13 -77 -65 -20 -81 -45 -19 15 -18 85 -74 -72 38 -97 -99 -51 -36 71 -59 -91 87 81 82 -91 -95 -40 41 -74 -22 -85 -84 5 -10 -61 52 31 7 10 -74 -74 90 55 6 -1 25 -26 -26 73 -78 -33 -69 56 -22 -7 67 -19 -67 48 -99 3 73 75 -78 -94 -78 -3
-100 -98 65 63 95 42 17 -60 -20 47 18 79 -92 35 -94 -74 32 -33 77 60 64 75 66 49 27 50 17 -81 10 -18 -44 99 25 -3 83 -5 71 -75 99 -90 40 -86 59 48 29 -13 34 -27 47 -94 97 -31 42 90 3 6 84 -45 -38 -97 84 27 77 21 48 -69 30 -17 48 22 92 69 -53 -24 -7 55 19 83 39 -93
