94 -77 -17 86 -21 -95 -69 35 -68 -17 -69 -33 26 35 14 -52 -71 14 -2 42 -25 94 42 -3 24 -41 62 89 -71 26 -86 76 35 47 1 -65 -48 -59 85 41 69 53 -80 -48 -15 64 5 0 -47 -62 50 36 76 83 -31 30 3 -78 -77 -73 -49 29 -19 -84
16 69 -97 87 4 59 0 9 61 -8 -13 -46 -25 14 -5 62 78 44 39 53 90 66 60 25 96 -30 -98 -27 80 -61 -39 -52 -79 74 92 35 -1 -27 -37 88 80 12 -82 -31 12 26 26 -21 98 32 76 28 36 28 79 -30 -43 48 72 75 93 -55 46 -77
30 -68 -70 65 18 87 87 -17 -62 -55 27 -81 61 44 84 -74 75 59 -21 19 -12 -40 77 -77 93 99 24 -86 63 -44 -62 13 34 4 -51 -94 -34 25 51 68 -31 -36 62 97 58 -24 -72 3 38 -52 -97 -27 -17 61 -14 -21 88 -67 -18 -3 -97 21 -61 -52
25 -62 82 -8 38 18 92 -64 24 -16 -19 50 -71 -33 98 -7 -93 46 -18 -80 -77 -48 56 -78 -99 -97 83 -89 -4 50 63 14 65 -24 40 -99 42 -58 -40 80 -19 92 -2 -62 81 -42 17 -67 -21 -96 75 75 -80 -57 -41 49 52 18 68 3 25 88 13 -45
43 87 14 28 -57 -60 73 52 -58 -63 97 -31 -99 -13 -57 58 23 -93 -68 65 97 7 -88 -93 -49 -65 -47 -50 -63 -52 -45 -11 -44 -6 82 1 -24 20 -33 -39 22 -12 -64 58 -60 -25 -49 51 76 95 -64 94 -58 43 35 -80 -3 79 50 12 -53 -34 6 -43
-24 -38 89 -69 -94 -60 100 75 -25 48 -57 -94 -22 52 -55 -100 -21 -65 1 48 7 -94 -12 19 26 19 -33 15 -100 59 39 -23 49 35 24 58 40 17 18 20 17 25 32 -42 31 92 -4 48 79 86 -25 -50 11 -55 43 -18 -47 59 22 66 -52 46 -29 -89
33 92 68 68 3 69 -5 2 77 -78 72 92 24 -48 51 13 81 65 52 23 82 -74 -19 1 72 20 38 100 83 -45 -8 85 -67 -64 44 93 55 -76 -23 -74 43 -33 41 97 -83 19 95 -63 28 -80 -49 1 -32 -10 72 -86 28 18 66 56 -44 -91 0 6
26 -75 -51 36 -80 -23 95 20 -5 -6 -38 0 69 55 88 76 -4 38 65 99 29 -26 48 63 87 79 -88 -17 87 82 -19 92 -19 -85 95 31 -64 -97 22 -39 -35 -8 43 52 55 -28 67 44 -77 31 -47 20 94 3 57 44 -16 -95 45 41 -60 68 -3 -57
32 5 97 -67 -92 -11 -55 74 41 -58 99 -77 53 49 45 25 73 47 4 -28 -67 -42 91 -83 -75 6 -13 67 -17 -6 -30 64 17 19 56 99 89 -90 -4 -77 5 49 34 66 42 -23 -77 71 -12 -72 70 -80 60 92 41 -30 81 -100 -97 -3 78 19 -33 -26
-81 84 90 0 100 68 -25 8 -54 -69 92 5 -68 -11 97 -81 -36 45 -66 53 16 -55 38 99 82 1 -35 -80 51 -53 68 82 14 -1 47 93 -33 94 24 35 -41 -48 -8 -95 20 -31 34 96 -1 -67 74 -44 40 38 -53 45 96 -17 -16 -77 90 48 -12 -64
-83 98 -11 51 -45 -76 -34 -3 43 -12 -12 -40 -15 40 41 -64 -8 26 41 -74 13 100 31 66 -70 81 -22 -67 -26 -51 31 -89 0 62 -84 -87 -15 71 20 73 -92 78 22 73 56 -57 11 29 -90 -33 -21 -1 75 4 -45 58 -11 -24 -77 55 -13 -22 -31 -18
52 -21 -58 -3 66 -46 -45 31 -82 -84 54 -23 -95 54 -26 -92 29 97 -66 91 -19 35 11 89 90 41 -31 24 94 15 15 76 96 -49 -100 60 -16 -70 -98 57 89 -60 -73 -4 12 25 -37 -31 62 -58 -58 -54 -68 -55 -61 98 64 -39 92 -93 -33 63 25 92
29 53 92 77 -67 95 14 -23 -13 63 -37 100 -86 46 -48 12 5 37 -42 62 -92 69 -62 -19 -24 64 87 -54 -69 -35 -53 -8 -12 -2 -24 -68 -78 -96 -95 -17 -42 93 10 -71 96 71 -13 -74 -49 29 60 -63 -76 98 -63 -28 58 -52 -4 -40 -10 75 -7 -92
39 9 85 -17 30 -69 57 87 53 -9 81 0 -81 -55 51 91 22 -31 -50 38 -11 -8 53 81 11 -37 -4 50 -44 -19 -37 -9 4 -1 -18 -86 -43 15 -25 1 38 26 -89 90 -67 -94 71 -49 50 -24 -78 60 91 96 21 -56 20 -45 -69 24 93 3 86 -15
60 -55 -70 63 -56 79 -43 58 -80 32 3 54 52 -75 -73 -73 -25 65 76 84 49 -93 41 -25 -89 58 87 67 -69 32 -63 -3 33 -94 95 49 43 -27 54 64 -42 -97 -39 22 90 -88 -64 -13 83 47 32 -81 52 -55 -51 -78 66 -86 37 -66 35 52 98 68
-69 64 18 -17 -86 78 14 21 -34 59 -34 48 35 25 3 79 82 89 -68 -55 29 35 -21 -31 -36 75 90 35 12 -60 -97 42 -91 -8 -65 32 -69 -75 54 6 83 -21 -22 -22 -94 50 26 53 42 19 3 -73 93 -39 16 15 96 -24 71 -13 -52 -30 -91 -14
81 69 33 -40 -44 85 63 -2 -19 59 -58 -56 83 100 57 26 -74 88 89 -78 68 76 95 -46 -32 -91 24 99 -15 -91 88 -35 46 21 -75 10 -82 -69 39 9 -70 73 -13 46 -56 -80 43 -66 -17 14 11 6 -3 37 98 -83 4 10 55 28 42 -69 40 -54
-13 -10 -27 90 32 -70 31 86 55 -7 -90 40 55 -33 36 -11 -8 35 6 -92 -46 78 98 -54 -24 44 -59 -69 65 79 13 38 75 98 -28 -98 16 -20 77 -91 54 90 -35 -48 23 -65 -92 -14 -86 67 24 -25 -57 -30 -80 87 -7 79 -16 46 37 -77 93 -32
-71 74 51 4 -22 -2 -28 95 -39 75 -27 -99 85 94 79 -59 88 -27 -72 -55 0 40 49 -76 70 -90 -58 -41 69 -87 4 49 -56 -66 63 -9 22 96 26 68 94 85 32 -2 -7 -58 11 -20 29 -54 -67 -65 47 -28 70 -9 72 51 63 -50 12 -50 -79 -70
-78 90 -68 99 -79 91 -64 -9 6 39 91 -49 -71 2 50 -30 10 -13 80 64 -3 -89 -82 -65 39 10 -15 -83 -29 25 43 3 -38 83 -99 60 -28 7 -75 -87 -3 -53 53 5 -96 -59 -64 37 -75 -93 75 -33 0 -77 67 1 51 63 99 -9 26 -5 13 -16
-76 78 -84 -16 50 -2 72 79 -44 -96 69 -49 -27 51 -74 -98 -9 -2 36 66 52 -32 -96 -27 3 -6 14 -99 -45 -20 91 -98 -7 65 100 -45 19 85 61 65 -21 100 25 -50 -100 87 -1 -7 6 -46 -13 -74 93 21 -67 -20 -68 -5 -16 -77 -10 -88 -92 -14
-78 75 -31 27 -86 41 -71 -75 -98 -92 -10 -97 -72 10 -31 26 55 -61 35 79 83 -71 13 -60 34 -71 -70 41 98 -57 -21 -3 -73 6 -88 38 21 -95 57 -78 -1 -92 59 -60 -38 64 15 -34 94 81 43 -8 78 -20 74 5 84 74 59 22 41 52 -72 -89
12 94 99 77 -85 61 -23 -77 7 -60 59 -52 86 -51 -2 59 -48 -84 -55 -59 40 41 -16 68 -73 8 97 60 17 16 85 -29 -3 -53 83 -35 90 45 21 -90 -64 -9 82 13 66 -56 -94 -55 -88 87 -30 -44 -32 -69 94 -47 -54 21 -83 23 47 44 -56 40
2 -81 -50 -24 -58 88 60 81 -47 83 73 95 21 92 -2 -89 11 22 97 4 -16 -82 51 -26 98 22 -73 35 -93 32 -84 88 -95 -80 79 -81 -96 79 56 -87 -97 -30 70 -100 -87 8 -54 13 -54 36 71 -87 -34 53 98 -39 -12 -29 7 -58 67 -37 -17 90
-35 -35 -23 -86 -15 -53 -12 -32 -19 41 98 -87 93 13 -9 31 28 -83 -76 73 64 71 34 -71 29 -3 -79 72 68 -37 2 19 89 -69 -3 61 -1 -33 58 -11 -3 89 78 -8 -18 -29 -78 -86 50 12 66 94 -26 5 94 -28 -12 -65 -58 -48 44 -39 -98 -95
-5 -60 -44 76 59 99 -83 80 -23 -86 3 -29 -69 54 -33 23 -68 -49 31 -95 -12 48 -18 97 64 14 77 91 -91 26 -19 -22 -89 -56 1 -6 64 -59 93 93 -14 35 -70 -50 68 69 -14 -95 53 28 25 -96 -69 52 68 23 4 9 -44 75 10 -50 -59 -92
-68 -88 85 92 -62 16 25 -56 65 46 5 54 -35 31 96 13 58 98 -77 -50 50 -88 100 -60 2 -57 -14 -42 59 -10 -95 -46 -30 35 -9 38 64 100 5 -2 32 -15 3 42 -86 93 60 -4 -38 87 -62 98 -38 49 62 83 14 -53 -51 98 41 32 19 33
-93 84 24 -94 86 -69 59 94 -15 26 71 -50 94 -35 16 31 43 -10 37 -25 -46 3 30 41 80 -20 -4 64 63 21 75 19 45 51 -60 89 10 -65 51 -71 -87 -37 -98 72 43 67 61 16 -75 77 -64 -33 52 -19 -85 57 69 -80 26 15 -94 6 -63 -74
87 -74 -64 -34 -71 66 67 89 -36 9 31 -12 -14 37 -81 16 38 -95 -32 2 -8 70 99 -53 44 8 61 -75 67 42 -74 66 -33 56 96 65 37 -24 91 1 -74 84 37 -72 -48 -80 100 -78 98 32 76 -94 -80 47 -27 -65 -16 -37 34 -38 49 -1 26 95
-88 -77 44 34 -84 99 -68 -89 -37 -22 52 48 -29 15 -93 -84 9 -88 60 -1 -14 58 22 27 -98 -5 -17 -24 2 15 -51 76 43 58 50 40 -70 -47 -89 14 91 -92 77 -20 37 -75 67 99 -67 -100 98 -40 -7 -3 3 0 30 36 11 -62 -5 -35 22 2
76 10 -23 -51 -81 -19 -32 -66 72 74 -63 25 59 -51 20 -94 63 -81 -58 -40 -15 31 64 48 -96 84 1 -89 -80 83 73 -42 54 54 -71 -49 -12 29 80 -91 -15 81 30 79 35 83 47 -52 -59 -54 17 -32 68 -54 -19 -45 -52 77 81 45 2 -43 79 -77
37 -62 -4 51 -13 98 9 -43 79 55 12 47 70 86 -51 -55 8 42 30 79 -42 0 21 67 54 87 -79 68 7 -10 -98 -89 -74 -76 6 -47 49 -57 76 77 94 39 -96 50 45 -5 -75 -58 -68 -38 -74 88 61 64 -7 -93 9 86 98 10 -96 21 88 -86
3 -52 -14 -46 -39 23 100 -25 -83 45 -43 93 34 97 -42 -11 27 33 -97 58 -37 -81 -7 23 27 93 28 -63 10 7 -22 93 -13 -37 -23 61 63 56 20 32 -25 -25 22 54 -57 15 -91 -70 43 -98 -71 -97 -35 -9 -18 -1 -76 30 65 -36 12 -52 -68 -34
72 17 -33 -83 21 -99 -3 -13 -10 -74 36 65 -65 20 -82 -43 89 7 22 90 42 -74 83 -19 99 50 -22 -65 89 2 94 -13 -40 -78 32 95 -28 -46 1 10 26 -82 -70 -15 -29 94 -1 81 -21 72 -42 -87 -43 78 -36 33 -75 -44 11 23 -77 50 -14 -99
35 45 -6 -74 -88 -36 -53 34 -43 71 -90 -22 49 12 -94 -78 -64 -24 70 -16 55 12 10 52 -86 32 -63 79 -43 -80 -73 19 75 -15 -22 54 -23 50 60 -94 1 88 -75 -69 -65 94 -56 32 -5 -45 -85 -99 74 -81 71 -40 60 65 0 -52 46 -88 -68 41
-95 -87 62 -41 -61 29 -94 -32 -19 -65 6 87 -86 -25 -24 80 -45 2 -34 -34 94 2 -66 24 -83 20 -60 -78 17 -83 -80 -15 -88 69 75 92 -42 -1 17 -65 -63 17 -83 -93 -94 87 39 -41 -98 10 -32 -4 11 -36 -1 -13 -80 -25 50 -37 42 41 -29 -59
-34 66 -71 -53 -82 -75 -47 30 76 -13 -77 -93 83 -55 16 82 -85 78 -52 94 95 -3 93 -51 -52 79 3 -35 82 -80 -8 14 98 93 63 5 -54 89 41 84 -7 62 6 82 -4 -53 -19 31 -22 -100 -26 -26 35 -76 -72 -55 -86 69 -4 -35 -53 -83 -33 68
49 72 -91 -95 43 36 58 41 -91 53 -39 48 98 -2 62 65 27 74 56 42 8 35 9 17 -58 -71 74 79 97 14 13 -90 21 28 -91 91 34 20 14 95 -6 76 -17 -44 67 3 -59 6 -77 17 -27 43 70 -69 30 83 -69 -67 94 12 79 96 91 -82
-21 -41 -90 66 -44 11 -99 57 65 92 -46 -29 86 34 53 -96 28 63 -99 -19 -10 -17 -89 85 -3 -92 65 -49 -48 -46 11 55 -12 -55 -79 57 -72 -85 86 94 -87 -32 -18 74 -46 53 87 -91 -75 34 39 84 -66 50 69 47 100 26 61 -95 34 -73 -7 -59
-84 -60 6 -65 -58 86 53 42 -75 -16 -65 70 -38 -95 -83 17 11 -16 -56 53 -35 -43 -64 -14 -30 -91 -8 -57 69 -47 68 20 14 68 11 -26 -32 51 99 -61 -66 -21 -59 36 -30 -16 98 13 -12 23 22 -83 82 27 51 -35 24 -55 -48 -8 85 97 86 54
88 -66 -15 37 -17 94 100 -28 14 -58 -94 -96 -28 71 -63 -26 20 84 -10 -83 -4 100 -27 9 -72 72 87 -78 97 59 37 -39 58 57 -33 3 30 -97 11 -57 -95 20 -82 39 49 -28 5 9 -13 54 18 12 77 66 100 98 -73 9 -58 -31 -91 -41 16 -32
84 -80 54 1 63 -76 -43 -54 71 9 -98 -17 -56 63 -46 -32 88 61 10 -27 51 -51 26 46 81 81 15 -94 -10 -40 -25 33 -66 -82 -66 -8 44 76 75 42 -35 20 -99 -48 78 -46 30 -20 -66 -19 -51 -67 41 -55 -80 -77 25 14 -86 11 65 85 -64 -13
3 74 90 -36 59 -88 61 86 -59 -32 -84 -88 62 -17 84 -39 -44 -89 -94 64 92 50 -7 30 52 42 33 -6 -62 18 -91 -77 48 -99 5 -9 22 -70 -90 -90 57 -57 -31 88 53 -82 -36 -98 58 -1 30 26 45 -33 -53 34 -89 -35 -90 92 31 57 -11 -75
-27 94 45 -83 39 62 74 -42 -95 -78 -41 -29 -26 77 -89 99 -98 10 58 -59 -66 39 79 -10 -36 50 -51 43 94 48 55 -67 29 -21 66 -17 61 -46 -35 87 -70 -44 33 -84 58 91 -69 -55 43 -76 -30 -96 52 -41 97 -18 73 97 46 -38 22 -85 81 -62
31 95 -68 -76 -55 -7 -56 -25 67 12 -56 -63 -12 84 49 18 60 44 -70 65 -20 58 -75 -42 9 -94 -48 72 -67 -8 -32 22 36 -25 -59 -75 87 9 3 -50 -20 -4 -29 35 -51 77 14 -25 95 3 -42 54 29 -4 -13 -64 65 -88 -70 -74 -37 -63 -22 44
39 -12 -62 55 -78 -96 -10 10 -83 -39 52 71 56 -35 -12 -86 56 -2 -11 -46 66 -100 -80 -17 70 83 -71 98 21 93 -10 59 20 8 84 -62 51 63 32 81 -46 1 -3 -34 -95 90 23 52 -30 -59 -78 95 -99 36 70 -66 41 97 91 -1 -40 19 -36 25
-70 21 35 76 -69 -5 0 23 -54 -90 -60 -11 -45 -88 67 -40 62 -58 32 12 -67 51 -21 71 57 2 -42 63 -28 -51 -27 78 3 -10 0 -77 -57 57 -96 -51 -81 -99 -66 39 25 88 99 -9 49 36 98 -9 -6 -44 -4 94 21 15 -3 -14 -62 -42 46 70
-36 -22 26 100 -100 40 -69 -75 -18 14 -99 35 47 59 -91 -79 -73 64 -24 23 23 17 -23 -20 4 66 77 37 -72 23 -37 53 -47 43 -76 -49 72 49 42 13 35 15 -86 -43 -82 22 42 15 68 67 -65 -64 22 94 84 -65 -18 -26 -87 -55 61 5 78 64
89 35 93 -78 -55 86 19 -41 -87 -60 88 -70 39 -59 -23 -9 76 -41 -15 71 18 -64 63 9 -11 -95 -5 -53 99 -96 47 72 76 -86 -81 -17 -14 -89 -94 -95 51 -71 -62 80 22 22 -98 83 1 -47 -38 -32 3 -82 23 -20 44 24 -100 -35 -71 81 -43 -94
-61 -50 -97 -79 -81 6 -82 -99 69 -81 36 58 -12 81 -46 52 93 -93 -23 -55 -63 15 28 -52 -68 12 59 57 -38 93 -63 -92 40 62 60 -3 -23 1 98 -51 -2 20 -41 18 -31 18 81 47 7 86 -69 54 91 61 -19 -22 -66 3 10 -40 -68 -50 -96 75
-9 -14 -59 90 42 -13 40 48 -21 -5 -37 24 -22 -4 -70 -61 -90 11 67 -85 14 -52 -63 65 80 23 3 100 -75 1 74 81 51 30 -45 -66 5 -18 57 -5 -17 63 19 11 17 -12 74 -61 51 48 38 11 34 67 -33 -2 80 -16 -70 10 46 -36 58 -29
60 -99 76 43 9 -31 -62 -50 -100 -18 60 61 -23 23 19 22 -43 69 15 -84 20 -21 -60 -11 -76 75 87 35 96 -8 -53 23 -34 -90 -49 -87 31 10 -88 -10 -65 -17 -38 9 -95 30 49 46 -85 -58 90 -57 -38 -23 -8 81 99 -7 47 -43 -32 -88 83 -43
15 -91 11 -12 -78 -43 78 23 51 36 -78 -21 -19 -41 -97 -10 -56 73 51 13 -96 85 -78 -91 -47 -8 -53 78 25 9 8 -25 -86 -40 -5 -52 -50 -91 87 67 -85 46 12 -13 83 -51 -84 -98 -97 -54 -31 57 21 74 0 49 12 75 -89 -84 -89 -58 -40 71
22 60 -13 12 -84 -67 7 37 62 45 71 58 44 -23 -80 -29 42 73 88 88 14 -33 -46 38 99 30 45 35 -30 87 -37 -74 -72 -78 -35 88 87 22 98 100 79 -92 91 -28 -85 39 58 -20 97 -27 -31 -65 -70 -99 -19 17 -4 -84 -12 -29 72 -91 -98 84
-33 72 95 72 -7 -69 -77 -41 -9 -79 15 -78 39 -76 -37 -22 -55 0 85 3 -5 59 -98 -34 80 27 23 17 -39 -13 -78 -85 91 -47 -77 -30 26 31 63 -31 90 -19 -60 -27 99 -61 -36 -44 86 -92 -88 -9 -92 -96 81 -69 7 57 -53 69 -68 -62 44 62
-69 -38 55 3 56 -60 -95 10 59 51 83 79 -41 -7 79 21 -36 -72 -39 86 -93 -5 -74 26 -66 -43 -24 30 -53 34 79 73 -48 57 41 12 54 95 -12 83 0 60 -41 -45 -6 39 -84 -20 67 -1 97 -11 -82 -52 -76 -98 31 -12 51 -30 84 -10 -68 17
-55 23 -35 -51 73 -17 44 42 -19 -50 55 -68 5 -50 -7 97 98 72 -54 -92 82 83 -1 25 80 -21 55 46 15 -33 79 84 -43 -25 -63 87 -90 87 37 35 -70 62 35 -73 -56 72 26 52 83 -89 -81 -62 -4 -56 -73 -50 28 -87 64 -8 -19 -57 38 -85
26 -49 71 17 66 -84 68 -5 -39 82 16 -23 82 10 92 65 93 -12 7 -51 -65 76 -37 -72 -36 30 43 43 56 -70 0 -70 -75 -90 -49 -24 24 -75 -80 -35 -20 -60 100 -82 -24 99 68 59 67 94 -81 50 -85 28 34 6 -11 15 90 3 98 -14 46 -37
-65 -27 -51 16 -48 -6 93 -86 59 27 -67 -79 97 58 21 -5 57 58 69 39 -99 44 82 -72 65 -72 25 -41 14 -93 -43 87 80 2 -20 -35 65 46 66 -28 26 73 10 44 9 3 -81 -96 -31 -11 13 28 -15 -51 4 28 -6 38 17 -38 -86 14 -4 22
43 35 54 17 -97 62 -23 31 91 -59 -41 6 -88 -38 -38 -53 71 -53 74 -17 -9 65 100 17 60 29 -43 -83 78 43 72 58 9 -78 19 51 13 -14 28 73 -87 61 -59 -69 51 -91 28 -99 -39 -60 25 -85 22 17 59 -9 66 -55 40 -17 -45 41 76 39
66 87 -37 -46 -34 39 9 -46 26 73 88 61 -39 -25 4 -16 68 82 -13 5 44 -100 -29 -21 44 -77 36 -97 -77 56 53 -100 25 72 98 80 -11 -46 -35 87 -77 29 20 36 47 -82 64 82 75 33 42 -28 15 -65 96 -84 79 -90 -16 -16 -6 26 12 4
-79 -44 60 -87 -41 -21 -53 46 -45 33 -3 55 58 -77 -64 -96 13 80 98 -82 99 -52 96 24 84 63 21 29 -2 -48 94 -37 65 -70 83 -89 40 88 -77 97 86 -91 46 -30 -85 -70 95 -88 -39 -21 -94 -21 -80 -34 -87 91 -22 26 -10 81 4 -76 71 2
15 57 -94 -63 41 96 14 26 71 84 -45 -49 -84 83 2 -94 -8 -22 82 1 68 -67 -34 -70 -84 -11 21 -21 38 67 -85 71 -56 -43 35 -73 13 -80 -1 -67 -2 81 -89 -57 85 -34 -53 -22 6 -35 -100 22 -41 57 73 15 9 -12 25 -81 -40 -32 -77 -52
18 8 97 -47 -73 99 57 70 10 -37 11 -13 11 -81 8 78 -97 14 78 57 94 26 -7 -46 -59 96 -44 -60 80 -85 16 30 3 7 58 -17 -69 -65 -64 44 10 86 -10 66 -35 1 29 -98 -23 98 95 26 -2 58 -61 -60 63 -9 -85 -35 62 98 -75 34

-59 -81 -83 -67 -56 -9 72 84 -73 88 -94 -81 26 -46 13 14 81 -78 68 -17 -98 73 -80 65 -56 12 24 10 10 85 49 -32 -18 72 -5 -34 -89 28 42 41 85 -78 -30 -93 -25 63 -9 -6 -69 -68 -31 -65 63 -5 -49 91 11 50 1 95 -19 99 -42 -53
-11 -33 -92 -86 59 3 84 84 -50 -14 -17 97 -59 85 41 -35 40 35 26 -87 54 -9 -98 88 8 -11 -26 -54 94 37 -8 33 32 -59 -68 40 -64 -45 90 52 99 -98 -46 -53 -92 21 -1 43 -78 -34 49 -37 13 -82 -43 -97 -82 55 39 50 -9 -9 -42 50
-31 17 75 21 49 83 24 -70 -15 -25 85 -31 30 -45 -67 -58 89 -27 -54 -57 -34 -13 -95 10 -31 -99 80 63 13 78 -27 -90 -16 82 88 45 -2 81 45 -24 77 -59 -61 28 65 -84 -87 58 49 23 44 22 -3 28 -25 52 68 -49 -88 -48 -62 -57 -60 -84
36 -44 -91 51 -5 79 -15 -29 46 18 97 -38 42 -84 -31 -48 49 -46 35 37 -32 -81 -96 -84 -55 -7 -79 53 45 40 2 39 -48 19 8 -62 -98 -85 -57 -23 -14 49 -90 -94 24 57 -85 -25 -65 -7 1 76 -11 -6 26 -53 54 -81 -67 -100 16 -2 14 1
29 -22 -8 91 -37 -67 98 91 86 78 82 48 -45 -45 86 -3 -90 -40 -82 58 -98 82 -52 -33 -41 43 -72 88 -68 -82 73 27 -29 7 -23 -31 -38 -41 74 88 15 68 2 -93 8 -71 -11 -71 94 53 1 68 97 -1 -32 85 11 0 -35 -30 -12 40 -19 85
-40 -52 15 83 92 81 36 -23 29 46 -14 50 -80 -78 -66 48 9 -76 68 98 -71 -88 -40 -44 -62 -59 -2 30 -28 -21 -22 36 99 99 15 26 -100 21 -89 -34 -58 -78 -37 26 -41 53 91 -53 -15 -70 41 64 -94 62 -14 -13 -26 16 -16 -94 100 -77 -40 90
-79 29 -47 -69 43 -57 -76 -11 -72 2 -28 84 -84 43 61 23 70 87 24 50 75 -40 -32 -56 9 51 4 -26 27 2 55 10 60 -97 -74 95 28 2 76 -69 -48 6 14 -29 21 60 -1 -7 -67 76 44 45 41 -29 43 -22 59 -62 -59 -76 69 48 -32 -20
-86 37 71 94 -91 -3 61 -80 41 23 -22 -53 0 -82 -25 -4 -88 75 52 -27 40 -75 -28 -2 66 -89 38 70 -35 -79 30 56 -96 61 92 52 13 77 -15 -61 -13 -2 -86 -77 -93 -89 94 -69 -6 58 -70 -86 -69 86 -51 90 -30 81 -8 5 47 70 12 29
-75 34 56 -58 53 74 -75 54 -73 37 -18 70 8 13 28 32 30 56 -37 2 -22 95 10 54 65 20 -87 94 -83 -55 -53 71 -64 29 78 -22 -17 54 68 -44 61 -61 23 27 -24 61 40 17 44 -17 38 96 63 -47 32 30 98 -9 62 33 -12 -99 41 -84
-52 46 20 81 -40 0 14 19 -86 -17 28 -87 -58 -62 -22 -52 -49 -71 30 -95 72 71 60 13 -58 57 5 -48 -71 -19 81 97 22 68 -24 98 58 -97 92 -35 74 -80 38 -26 -96 21 6 48 -65 -73 -95 21 -72 92 93 5 -24 -93 -68 -84 3 -73 89 28
78 55 -74 -62 -30 -32 -2 65 63 96 54 -48 34 58 -13 9 -9 17 -84 -25 32 -91 99 -39 65 -25 -53 -70 3 -25 4 60 -11 47 9 -46 14 84 31 63 -96 -93 -50 -21 -74 24 -81 -61 96 20 -91 77 -8 55 92 88 26 81 82 -69 -76 6 -74 78
29 -39 -55 -87 98 -6 -13 -82 38 55 6 -47 82 -50 -28 -39 -23 66 34 -37 -56 -63 56 -41 14 38 -46 -59 -14 67 -59 66 2 96 -99 91 -41 -37 -77 40 77 -91 -92 -94 77 44 -65 36 -77 82 1 47 10 52 21 78 80 -12 9 -8 -29 98 48 -45
-23 -100 -86 76 -13 -4 -75 61 61 -97 56 -62 7 -38 84 34 40 -10 27 -4 69 -51 45 7 53 38 -56 88 11 -62 -50 81 38 52 0 43 78 93 -44 8 -45 -99 -40 -18 98 -46 91 -25 61 85 -87 -42 94 -28 -86 28 97 -12 -29 44 -47 83 -34 82
14 -34 70 34 -42 5 -98 -53 -52 0 -29 8 43 44 -76 -88 28 46 -49 -19 61 -80 60 90 86 -91 -49 45 99 -97 -57 27 -49 -39 66 -63 -39 -62 81 75 83 82 -4 75 30 31 0 88 -90 -14 47 -18 23 38 -37 27 -95 69 97 -47 -8 21 -59 -94
-92 -21 -23 40 21 54 -16 76 -78 -53 69 -5 23 73 22 85 -39 -61 59 3 0 31 -56 64 -56 9 42 -16 -64 -44 95 65 95 85 -58 -3 -64 -70 -33 -66 0 40 73 21 -15 -36 43 -72 31 -10 -90 -60 8 66 -44 14 76 -62 -90 -97 43 -33 1 47
-86 -33 -63 73 -69 -69 53 -95 -80 -1 -16 -74 -86 98 -26 24 -86 -22 -56 65 -37 37 -42 -20 84 34 27 56 -36 -45 73 -47 90 -56 -39 37 21 -44 45 -23 -62 -37 7 38 96 -84 58 85 -35 -4 -55 -2 -78 -4 70 10 54 -71 -56 12 -27 -50 -58 -22
89 73 94 26 83 -86 -24 -77 76 -30 52 -97 50 17 -83 -1 63 36 17 -75 -57 94 74 61 1 -94 98 27 78 49 -84 -75 54 78 -26 11 47 -17 -29 48 84 -55 20 -41 -5 -90 -50 -26 -55 -85 -10 -50 -57 -61 31 -82 52 -8 -86 -95 6 9 87 -26
20 28 -80 38 -100 -100 20 -33 95 -71 -19 5 -87 63 -67 -80 -83 -40 -88 64 -15 6 25 -39 89 27 -44 28 29 -3 -39 34 -86 87 -36 79 -45 -51 61 43 84 39 -94 66 58 75 -39 12 -9 -38 68 -54 80 -32 9 -82 -58 -39 -37 32 90 -25 -22 80
-17 -44 -14 63 90 -73 -72 46 -58 -63 -53 -8 99 74 -53 32 -27 -98 57 46 -26 79 -28 -73 -34 29 -1 -84 -18 65 -74 -5 1 -5 -19 11 5 -13 87 -42 -11 39 -94 79 17 -64 -34 78 20 -34 -11 -79 -43 94 -72 0 3 63 -98 -36 35 61 -94 -39
-45 -42 -100 -11 49 3 56 87 79 16 -53 57 91 90 -84 -57 -60 -94 44 23 55 -9 98 -84 -76 79 -82 9 -65 -72 -38 66 30 -40 -89 -48 -55 -47 14 -66 -84 75 -71 79 -35 27 -35 54 -62 -60 94 13 38 26 69 -57 -87 11 81 -72 31 -20 -35 -95
14 -1 85 -71 -18 50 -45 -88 78 95 -39 13 94 -51 6 -66 -61 2 -30 1 78 18 76 -94 13 58 -51 60 -55 -58 41 -49 33 -82 30 -8 -28 -23 2 -26 36 33 -71 -89 -75 5 -72 -56 -79 17 -79 -32 57 25 92 -90 -42 -17 -17 -76 -64 -47 -58 -69
-15 -60 76 -95 -4 24 14 61 -61 16 -63 38 -87 26 -84 -78 0 47 81 -100 -2 75 -47 -60 47 24 -11 -46 94 94 -77 -1 -80 22 86 93 79 10 -91 -40 43 -55 55 73 86 -13 68 0 50 2 -59 8 -22 20 0 -32 43 41 85 -78 -2 31 -99 -71
-18 62 -90 -62 17 52 -29 -24 76 -23 -57 -53 -28 -83 -94 69 -8 96 -76 97 11 43 -41 -72 67 -65 41 27 -12 -88 3 31 -15 8 -88 9 33 25 31 54 3 36 11 -17 -16 56 99 -93 -50 21 98 29 74 -100 93 -65 -26 -71 -31 -68 52 72 29 -40
58 -87 -34 35 38 95 66 8 -90 -28 61 -7 -79 -63 49 -63 96 77 62 -85 98 -6 -54 98 -5 64 69 -66 -25 -100 -92 -77 -59 -61 65 4 -40 64 -33 -39 75 68 -90 25 92 -63 -78 89 -91 -90 -18 -91 48 53 -10 67 28 -91 38 72 -59 60 59 57
19 -25 -88 99 -64 -96 -72 23 -65 52 78 95 59 -20 0 4 -13 67 88 -85 -16 -61 -78 58 -59 100 -36 -44 -3 3 49 15 13 -20 36 -23 35 97 -70 100 -66 -19 87 17 -38 35 -39 -60 20 -67 80 -15 -59 1 19 -82 -30 70 -18 82 -67 -5 -76 53
28 -44 32 -20 -64 0 24 -17 15 -62 46 -13 4 -26 19 -82 -20 92 85 -29 37 -6 68 -44 -79 28 35 -65 -5 -20 -60 -25 -53 24 -58 88 -98 -90 38 34 54 58 -76 65 -14 -41 -43 99 63 -78 -73 85 -24 -41 -100 70 94 -51 -40 -47 23 -84 -78 -80
69 51 33 -34 66 -72 -84 -5 62 -95 -58 -68 -85 34 68 -75 -59 -86 -47 -94 83 -91 18 82 -42 -46 5 22 -50 50 -68 -48 79 -52 56 -25 79 -95 -20 -72 -74 71 -73 -83 -94 -43 -9 87 -5 -47 94 57 -15 -20 -94 -61 -88 48 -27 52 -38 40 -73 29
20 29 -96 -28 24 -86 56 30 -16 -89 81 39 50 39 85 74 -40 -88 -73 83 -47 -59 -93 -25 -21 -82 95 -76 -16 -9 51 37 3 -46 -73 -29 -41 -59 -15 60 -80 39 71 73 78 27 33 75 -10 -30 -73 62 82 93 61 -33 -30 -96 3 -44 93 -21 51 -48
65 -14 -23 15 16 79 -72 -5 -92 76 -5 -80 -67 -44 34 -17 9 22 52 -80 -84 -63 5 1 32 -73 -15 -37 -59 35 -32 71 97 6 89 27 25 91 -77 -21 -32 54 11 -35 52 37 -12 75 7 44 -39 61 -13 -55 -60 15 -59 18 -68 -94 -69 50 38 -3
-46 -36 -36 -67 85 -82 49 96 1 37 74 43 45 57 37 9 99 -17 36 5 73 -95 -2 -89 -40 20 -92 43 -46 50 -30 91 -21 27 67 -12 39 -42 28 -78 62 -3 -62 63 38 -6 1 -80 99 -21 52 -54 -41 49 45 -5 0 -40 27 -49 -14 68 -62 -57
48 -76 -68 -34 -63 79 -88 -58 -3 0 -88 12 5 -85 59 -46 89 -99 87 94 72 26 -83 -80 24 41 -97 -31 26 23 -48 92 58 86 94 61 60 12 -20 42 92 -84 -33 100 -33 -36 9 19 -80 90 93 -52 22 -37 94 9 -36 -27 0 100 18 -92 47 89
-55 -62 10 15 57 32 -68 -15 -97 42 67 90 -98 -22 82 -28 -46 -30 -80 -93 17 -100 -77 31 -36 44 19 71 51 47 74 11 -37 81 -76 18 -8 31 -26 81 62 62 -44 -82 73 95 -100 95 -82 54 100 52 -43 -98 -48 -22 92 2 6 14 85 83 48 -64
29 -32 60 48 -36 56 6 -6 -99 4 -43 17 68 -97 -86 -10 -9 -35 68 -96 -11 11 22 57 41 21 57 39 36 -72 -98 -95 -32 -28 -43 90 -99 20 -57 74 -72 -86 -71 -12 44 10 42 2 72 87 -53 25 69 85 -77 98 28 12 -39 -39 -69 79 89 49
-62 -31 -90 38 -91 -11 -82 -27 -4 -75 46 62 -93 85 33 -76 80 -65 -69 -40 -72 -82 79 -44 21 -14 -66 85 -47 28 -61 -54 -83 93 88 4 -32 -27 25 -10 -89 -88 65 -69 -100 -22 -97 73 -15 -93 -57 5 -97 -98 -47 85 -21 -86 30 38 -79 -44 62 49
2 61 43 89 34 -96 61 64 31 13 82 -27 -69 -14 -86 25 -71 -76 -54 45 -18 -50 -10 -64 -27 73 23 8 -34 -41 72 -94 -16 24 -64 -45 -98 95 20 10 87 -83 14 61 -26 -95 -35 89 -36 52 33 96 51 74 78 -63 10 0 -62 -66 88 43 -56 -69
60 -76 48 68 -79 -4 -46 96 70 22 -48 -8 84 40 98 -72 87 -51 -26 5 -45 100 88 2 15 -10 23 -21 -60 -11 10 -6 -55 -90 64 -16 71 -35 -76 -74 40 48 -49 78 -82 -53 18 -16 -59 61 49 -69 39 53 -77 -85 12 -66 3 -11 89 -66 2 39
79 -81 63 -47 49 -73 10 17 -39 53 -51 -41 -33 31 -14 -37 -14 -77 86 -27 -64 83 61 7 3 -80 -3 78 69 -63 38 -15 2 45 -2 74 -14 70 26 69 14 30 24 -35 99 -57 -47 82 -49 65 56 -75 11 45 20 60 -54 -1 -52 33 -12 -11 -18 -24
63 38 -92 -28 25 74 -38 50 3 20 -14 81 -22 75 35 32 5 2 30 -69 -51 30 -77 7 -47 56 -78 -47 15 -26 10 75 -4 64 86 -77 -36 -72 -29 32 -64 85 34 75 -77 46 -68 -88 -67 22 88 72 -61 97 -32 89 -6 65 -30 -63 51 -6 73 -5
31 63 90 69 -77 -14 -75 90 -89 92 23 -41 -97 68 -29 -32 63 62 -80 39 17 -51 62 59 -99 -8 -62 2 41 66 28 -3 -14 72 -88 56 -46 -27 66 48 21 -8 40 85 -8 38 49 86 24 -76 55 -54 -52 96 38 63 98 -8 8 -58 -67 8 6 -12
60 50 21 -70 -77 12 -40 -64 88 85 -69 97 -48 68 -25 -67 -9 -48 -23 -70 -39 1 30 83 -78 -6 -48 28 54 49 66 20 -65 -69 -16 35 8 -97 96 55 -1 80 36 45 56 99 26 -73 -71 45 61 52 5 -98 -93 -22 -82 7 32 67 19 -69 -42 -64
-36 36 -83 55 29 45 46 -26 72 12 -70 50 -43 9 51 -26 -60 60 36 -66 -66 -95 5 -58 86 -23 3 -90 19 -28 -45 88 -3 0 11 -38 22 50 -76 -48 3 -76 93 -13 -44 2 69 77 39 -74 -47 -6 -8 -18 9 -2 41 -46 4 -27 -15 -63 -68 15
-72 -98 98 -47 -3 -22 -76 -51 -49 -60 56 -100 73 -24 41 -76 -90 12 14 -31 18 -84 13 74 43 72 -48 -7 -86 -51 -42 -73 -49 -18 -3 95 -50 30 95 49 -24 -28 77 3 -78 64 44 75 -48 -55 34 84 -87 26 -70 8 -7 51 -9 -93 -14 49 56 88
100 -74 -79 29 -92 36 22 -75 -13 -28 -76 -90 -73 3 83 -96 14 37 -95 53 -19 76 31 94 -19 62 -88 50 -90 22 -78 3 88 54 -31 90 3 24 78 -17 93 29 -53 11 77 -39 -29 34 48 83 97 -99 -6 6 -65 22 -48 -76 -42 -1 9 -76 83 28
-56 66 -69 57 12 7 -68 64 -83 29 -88 -93 81 -40 37 98 89 24 -8 31 21 -20 -14 90 -42 -28 -36 72 -51 -47 62 -59 -13 -96 92 -47 56 12 -96 56 2 -78 57 39 -29 35 -93 95 -2 83 -62 -37 -15 -30 23 34 -71 -83 94 -73 -10 -61 87 -17
-80 -31 -23 61 -35 -22 67 98 -59 68 37 29 -45 -15 -13 -12 40 66 86 -82 60 55 -95 56 32 14 64 99 -58 -47 7 7 93 -6 58 -36 -55 -75 -85 -6 33 -46 -50 -41 -92 22 96 17 -99 78 67 19 -10 69 20 8 -2 45 -56 50 26 -98 -79 -15
-8 -37 -38 -1 87 53 -3 19 -32 -78 20 -74 -26 -57 14 9 20 82 22 47 41 -9 -18 60 -97 -87 71 -53 -76 52 70 -46 67 54 82 -45 54 90 -25 24 7 -8 47 -83 70 10 -65 86 89 -23 -45 43 25 -18 80 64 14 78 24 87 43 -20 -44 89
-23 -32 -59 48 55 -63 -73 54 99 72 -55 64 59 -78 44 0 40 17 70 -11 9 10 15 66 1 14 -12 3 88 -84 -23 37 -100 67 -28 -69 90 -20 92 80 -26 -5 23 -100 -98 -7 -76 -21 -48 2 -1 37 36 -70 -14 -52 63 -78 31 75 37 31 -78 -83
99 -74 32 9 50 -29 -6 -45 47 13 69 3 -39 10 -34 -12 63 75 -21 25 -25 75 -63 -60 -20 -55 -3 78 97 7 -5 90 42 -61 66 6 44 -42 40 21 22 3 -54 25 -95 -62 28 1 95 35 71 1 -13 -72 72 -75 98 -45 0 -63 70 66 51 90
28 -100 -78 -90 62 43 -62 -93 -36 97 28 23 -34 84 -5 -59 -2 -44 24 83 73 13 -90 -33 -39 37 67 91 36 -48 -49 -89 65 21 -31 -74 92 83 -29 -47 73 48 -23 64 40 -55 -44 5 -60 49 55 42 25 31 -96 30 -1 -16 -45 -50 77 38 -86 -9
7 -72 -94 -67 21 16 92 -35 -93 40 -79 -1 79 -73 97 68 57 61 59 -22 53 29 41 32 93 49 -95 -83 -56 89 30 77 70 -48 84 46 -80 64 -65 83 50 -74 -61 -64 68 3 76 36 -75 -39 87 71 40 95 -5 73 -24 -76 83 -64 -71 -25 -48 67
56 -98 95 28 -89 -17 33 -90 63 62 77 -64 54 25 -70 3 -70 -55 57 57 -50 -18 94 -83 10 -82 -12 -19 -73 89 -15 -35 62 74 -35 98 -59 -87 -46 -89 -58 99 89 16 51 77 -62 39 71 8 -6 -41 86 90 32 -97 -100 100 -95 9 -76 81 14 -61
-78 -67 30 -27 -36 28 92 17 -24 -84 -85 76 -31 -90 -12 -23 11 -91 -70 -25 -25 10 1 41 14 -37 72 51 -24 22 26 -57 -17 -17 88 -69 -40 24 42 46 -38 -94 -37 -53 -20 46 -68 33 63 65 -1 -25 -100 -19 10 55 -65 4 74 -57 -14 27 25 100
-89 -8 -32 -31 62 22 88 69 -50 100 -18 -32 -59 -64 -74 -97 -86 -88 95 0 6 22 -39 -98 84 2 52 -95 73 -69 40 66 -100 50 -16 39 32 93 -43 -60 -64 58 -70 74 63 -91 -70 -91 -98 83 72 -48 46 -30 18 47 95 41 15 -2 14 -62 -99 -69
-12 -5 79 -45 -48 -56 -82 -36 -87 65 -4 38 -40 -62 -88 7 93 75 -90 -18 -37 -48 -79 7 -1 52 -23 60 -6 10 -17 13 21 8 -54 36 -67 -34 61 11 93 31 16 90 -44 85 -58 -12 62 -28 78 79 -9 73 96 -65 30 66 -31 98 -93 51 -30 -22
-3 71 26 -4 97 91 28 -91 31 26 40 16 50 -44 -35 77 61 -30 22 61 79 -94 -6 -50 -76 -19 23 -53 69 -99 -5 -89 -77 -4 63 80 2 24 -64 0 -55 -38 99 41 -37 -52 24 -51 83 -48 -90 -43 -21 80 5 13 8 37 -98 40 -39 49 29 -15
-49 -38 -99 -28 61 -66 75 8 77 24 -6 82 19 12 24 99 58 95 -35 79 23 -71 57 -65 48 -77 -9 -58 67 -80 -95 71 80 -35 -98 -71 -21 -15 72 -21 57 26 -7 -61 84 40 82 -85 32 28 -23 -38 -19 -4 93 15 46 -41 2 -74 -16 25 -54 -21
28 -57 85 -20 -43 90 -8 -78 -13 -97 18 -52 -53 -74 -24 81 94 -78 52 -35 66 -16 54 -43 75 43 -63 37 38 4 16 53 66 -38 -60 -100 49 55 40 84 26 13 98 -23 79 12 -6 -31 87 87 80 -90 -79 62 55 -7 -39 72 -49 -14 -76 -9 72 -39
-85 -79 -74 -42 -68 -83 -71 76 36 -74 26 -30 9 89 -17 -75 -71 84 -84 11 30 -74 65 -84 34 -89 -39 73 -10 95 -32 26 8 62 64 -74 -95 55 -57 -27 -69 61 -55 -67 100 14 -65 -56 -6 69 -41 -20 77 -45 35 -68 -10 -68 -83 -7 -65 -33 35 -90
-26 85 28 -36 18 -4 -12 -12 85 82 43 97 4 95 -4 8 47 61 18 -90 73 55 82 -60 -61 13 75 88 81 6 -67 -49 4 -38 -25 -87 -87 45 -2 -33 -45 31 -53 51 78 85 -48 43 -71 -13 -73 -50 -50 32 82 37 53 -43 -41 -60 55 90 -35 81
-82 -96 -7 82 87 -95 48 4 -17 46 52 -31 35 -5 -67 -28 36 63 1 -25 -51 -5 34 -8 83 89 -58 6 -90 94 44 12 -62 35 68 -43 34 3 -14 7 88 -76 -35 59 30 46 -95 10 58 -12 67 36 -50 16 -13 2 13 -68 -48 1 9 -9 72 -32
59 -36 2 21 52 55 -50 -58 71 89 -16 93 90 -34 -34 -43 -1 -24 -17 -97 -27 -73 42 0 98 87 -100 -95 -18 88 84 -36 17 51 -87 -61 73 53 14 88 2 80 -56 17 59 -87 33 -78 14 62 -43 24 -78 -5 -3 -8 61 13 86 -51 89 45 30 42
-67 -86 -54 -50 94 -42 -24 56 -1 35 -27 22 -49 -6 -81 -81 22 67 -75 -16 23 -71 -3 -30 -72 -58 10 -67 -63 -64 26 -1 -16 -2 46 5 18 -65 5 -56 -49 12 12 21 23 22 54 61 64 53 26 -64 79 21 -91 -67 -29 88 10 15 34 -61 -94 -8
33 14 -20 29 32 -51 -84 41 76 -96 -41 -35 -95 -63 75 40 27 75 -5 85 14 83 71 -42 61 -63 91 -82 3 62 52 36 62 -84 88 54 -91 -31 -94 -8 -25 81 5 -19 -20 -56 -59 8 -47 21 76 -26 -50 -41 -35 50 88 76 19 35 54 73 -78 -62
-11 86 80 -72 -6 74 20 75 -37 74 -71 53 -100 81 -99 -44 -74 -43 -98 22 -88 79 94 100 -3 -96 18 -59 -46 -23 -27 -30 -40 35 -84 -32 74 42 -38 -2 39 8 -17 4 80 -68 81 -16 -65 45 18 35 62 35 44 -6 28 16 -37 48 78 57 -54 -14
